1.12611
1.07336
1.06832
1.05681
1.0034
1.19522
1.11743
0.890408
0.818318
1.26305
0.945892
0.877957
0.9014
0.829185
0.88808
0.720755
0.873433
0.843577
1.00156
1.25749
1.16958
0.862315
1.00223
1.17166
1.22338
1.06897
1.00592
0.769215
0.920875
0.916282
0.945123
0.843492
0.765817
0.89109
1.13702
0.73826
0.722123
1.1974
1.06536
1.04703
1.09727
1.16166
0.967287
1.07985
0.816895
1.05533
0.924787
0.829488
1.24795
0.790783
0.92044
1.26356
1.00816
0.745155
1.1877
0.981343
0.844845
0.967563
0.8736
1.05447
0.994303
1.10858
0.701373
0.897763
0.914513
1.07308
1.07814
1.08178
0.944597
1.09129
1.00149
1.02599
0.996382
1.16092
0.914332
0.887165
1.03172
0.853713
1.37341
1.05479
0.936758
0.962413
0.960795
1.10675
1.04331
0.926105
1.0837
0.858333
1.14825
0.97755
1.03364
0.99275
0.951562
0.887805
1.24319
1.1758
0.949362
0.947783
1.05369
0.911577
1.13732
0.91596
0.887478
0.885022
1.06939
1.31428
1.03013
1.03289
0.865407
1.05092
0.857172
0.889738
1.04943
1.03489
1.07818
1.05176
1.11373
0.702058
1.3748
1.03969
0.933663
1.05411
0.849502
0.833983
0.882907
1.03046
1.2172
1.05485
1.28988
1.08627
1.07995
0.634443
0.57566
0.972917
1.03847
0.843323
0.76699
0.951482
1.173
0.733597
1.21301
1.0589
0.89831
1.16291
1.01469
1.26704
0.795423
0.924305
0.992198
1.27578
1.5043
1.28132
0.797868
1.03247
0.917818
0.818157
1.32255
1.12581
0.933857
1.13388
0.876878
0.811233
1.08444
1.07972
0.801308
0.987713
1.16812
1.13375
1.04329
1.01044
1.03097
0.866467
0.962928
0.723742
1.20644
1.15476
0.992847
0.956712
0.83246
1.18181
1.03026
0.76627
1.25061
1.02792
0.727225
0.927775
1.00811
1.23786
1.02477
1.13811
1.26501
0.97302
0.996075
0.79275
0.826977
0.663652
1.15202
0.750372
0.94582
0.833905
0.640555
1.25057
1.02337
1.01168
1.00841
1.09818
0.98014
1.08041
0.937678
0.7336
0.755112
0.868605
1.21439
1.12965
1.20152
0.841653
0.978513
1.2153
1.11977
0.880458
1.13458
1.14069
1.08292
0.893893
0.78478
1.12323
0.992767
1.12617
0.736313
0.974895
0.867483
1.15119
0.892738
0.942667
1.19722
1.21386
1.08866
0.84198
0.764468
0.771957
0.981817
0.965758
0.683507
0.870628
1.35835
0.891198
1.18406
0.77699
0.955005
1.03075
0.696818
1.07605
1.15566
1.39826
1.10013
1.03233
0.949442
1.14259
1.23106
0.931237
1.08721
0.921058
0.954967
0.984215
1.08078
0.894152
1.06193
0.80745
0.787883
1.0236
1.28114
1.2197
0.986875
0.92233
1.01302
1.03945
1.2326
1.04301
1.14576
0.940785
0.842607
1.09174
0.907288
0.784295
0.998778
0.947422
1.08891
0.78031
0.842227
0.657517
0.87297
1.05538
1.20445
1.17318
0.91734
0.854913
0.935432
0.819322
1.0301
0.868388
0.881422
1.19419
0.812693
1.09842
0.700605
1.12045
0.859418
1.13528
1.11327
1.30365
0.914182
1.14648
0.925697
0.836347
1.22867
1.29878
1.18804
1.11185
1.20154
0.861545
0.93536
1.25184
0.815157
0.812488
0.716227
0.928753
1.01266
1.1521
0.938125
0.889038
0.884552
0.927025
0.692947
0.905017
1.19639
1.17391
1.17612
0.850087
1.32783
1.05387
0.733628
0.884877
1.05405
1.01691
1.08653
1.38538
0.929552
1.16433
1.12876
0.809663
0.873895
0.806425
1.0482
0.813653
1.18651
0.94336
1.09168
1.45623
1.26875
0.98607
0.976772
0.941505
1.3515
1.2286
1.10586
1.29381
1.05703
1.13101
0.977213
0.989992
0.878088
0.941343
0.97689
0.91669
0.874983
0.817487
1.13714
0.865035
1.28566
1.16193
0.837252
1.20006
1.21187
0.708563
1.08022
0.614033
1.26513
0.779547
0.950137
0.79145
1.05887
0.920968
0.74593
1.05585
1.08631
0.978413
1.10758
0.975483
1.26865
1.25592
1.26206
1.20998
1.23161
1.09127
1.02652
0.795623
0.886042
0.904458
1.05895
0.787015
1.01533
0.886808
1.24913
0.975263
0.914148
1.1063
1.01657
0.730632
0.946565
0.839247
1.05691
0.869418
0.945847
0.683237
0.92912
0.808818
0.898538
0.770587
1.07634
0.92454
0.747142
1.25285
0.994707
0.778513
0.887235
1.07314
0.94797
1.32133
1.02076
1.03577
0.78293
1.14229
0.945215
1.14216
0.674668
0.982285
1.15471
1.09005
1.48037
0.803418
0.952267
1.18094
1.13361
0.781747
0.90128
1.41201
1.20855
1.08
1.11872
1.03405
0.922637
1.07757
1.2629
1.00162
1.14594
0.838955
0.817118
1.01563
0.921927
1.06642
1.02869
1.12746
1.07808
0.895393
1.10172
1.19657
1.18145
0.826802
0.851653
0.98468
0.896938
0.959628
0.656175
1.10004
0.902302
1.07159
0.969945
1.03053
0.854557
0.92101
1.0067
0.882332
1.14193
0.871742
0.888158
1.07781
0.751443
0.834773
1.00937
1.16267
0.797688
1.1541
0.85123
0.983012
0.909348
1.07414
1.18803
0.774153
1.13902
1.09891
1.24128
1.09698
0.63617
0.813435
1.01615
0.661108
1.11929
1.22441
0.980248
1.04896
0.892737
1.13244
1.28004
0.805637
0.893412
0.859117
1.04824
0.899788
0.838228
0.95762
1.3374
0.938078
1.03771
0.94552
1.00399
1.01116
1.05272
1.03419
1.00395
1.20857
0.950867
0.931713
0.897747
1.17394
1.19327
1.22777
1.05453
0.689925
0.681675
0.962068
1.0749
0.993133
0.998537
0.864937
0.838602
1.11074
0.90669
0.671158
0.883467
1.37341
0.780915
1.34932
1.24438
1.17909
0.89794
0.922257
1.28429
1.0406
1.06365
0.898118
0.932607
0.993157
0.880858
1.17845
0.772038
1.13203
1.0488
0.989168
0.784255
1.00179
1.21458
1.25753
0.857787
0.999985
0.732698
0.911882
1.06506
1.02165
1.16071
0.939968
1.41483
1.0528
0.998135
0.876015
1.01426
0.816015
0.892212
0.97677
0.968683
1.09151
1.26397
0.753348
0.782735
1.00311
0.985993
1.21064
1.30699
1.1603
0.969988
1.11096
0.832733
0.978343
0.80581
0.977647
0.908618
0.985642
0.824697
0.936425
0.798615
0.615733
0.972458
1.05728
1.27734
0.739635
1.20889
1.00138
0.717305
0.916753
0.811848
1.08745
1.22602
1.24375
0.817562
0.912405
1.00002
1.16258
1.0264
1.19554
1.13139
1.14711
0.862097
0.891173
0.759182
1.26188
1.57304
1.21214
1.04172
0.962652
0.918257
0.984327
0.873338
0.772635
0.67377
1.26241
0.86044
1.0089
0.953917
0.94092
1.28114
0.975183
1.12899
0.796072
0.603512
0.914113
0.90645
1.12131
0.877963
1.11898
0.98283
0.857863
0.945282
1.34393
1.04393
0.67535
0.915005
0.859295
1.32601
1.34466
0.821517
1.06383
0.7542
1.15602
0.802298
0.986908
1.05885
0.684093
1.22662
1.23948
0.896622
1.21749
1.18512
1.031
1.1861
1.08295
0.900288
1.16463
1.11128
0.752593
1.16724
1.06562
1.14226
1.2594
1.19813
0.98604
0.850535
0.551073
1.04342
1.36973
1.26429
1.31192
0.902285
0.894572
1.03209
1.26534
0.774333
1.22307
1.29841
1.07374
0.913205
0.785473
0.976557
0.692055
1.04697
0.958537
1.08422
1.24098
1.04479
1.28903
1.20309
1.12088
0.821305
1.22589
1.07266
0.868855
0.787055
0.884393
0.982038
0.973287
1.02772
0.999808
1.08822
0.811262
0.789128
1.30265
1.12084
0.921345
0.911402
0.982543
0.874713
1.19044
0.651285
1.03207
0.833468
1.2328
1.40282
0.878535
1.14479
0.867187
0.926247
1.16674
0.927357
0.831363
1.16721
0.774442
1.48196
1.22827
1.05922
1.19098
0.92929
0.910787
0.907058
0.769932
0.704867
1.11504
0.8944
0.920497
0.891242
1.29143
0.98465
1.18902
0.854265
1.04492
0.909077
1.25413
1.13018
1.08803
0.77659
1.01705
0.7012
1.0916
0.930662
1.05496
0.778005
0.779818
1.03931
1.19735
0.795445
1.22362
0.964312
0.792937
1.27983
0.929762
1.01442
1.2816
1.00713
0.914952
0.893077
1.14395
1.29021
0.979973
1.15739
0.676132
0.954065
0.922377
0.871103
1.12181
1.08416
0.605055
0.757345
1.16302
1.14572
1.04317
0.813613
1.16438
1.1767
0.94668
0.736665
1.17817
0.974278
1.11935
0.91594
1.02979
0.610998
1.05379
0.995782
1.031
0.883598
1.04222
0.961028
1.35325
0.95146
1.01994
0.84689
0.835742
1.1197
0.84119
0.949065
1.18315
0.82464
1.05842
1.0289
1.16425
1.18888
1.28696
1.00679
0.840053
0.999797
1.04613
0.928288
1.07702
1.1599
1.21084
0.763698
0.81869
0.996982
1.30951
0.648313
1.22176
0.953518
1.16274
0.952865
0.867345
1.14361
0.924915
1.04207
1.22354
1.05994
1.14766
0.909923
1.26115
0.94561
0.753375
1.14409
1.09619
1.11585
1.06879
0.907337
0.917153
1.01367
0.708033
0.72707
1.07726
0.859198
0.769543
1.15508
0.724297
1.01789
0.985495
1.11508
1.02513
1.00843
0.888265
0.804205
1.1159
0.940658
0.950863
0.92151
1.03665
0.649418
0.964168
0.885755
0.866233
1.20305
1.00601
0.858963
0.871585
0.952028
0.473843
0.894132
1.01633
0.867298
1.04393
1.12751
1.13884
0.96979
1.00476
0.686622
0.874698
1.05409
0.59581
0.757943
0.704985
0.786622
1.12094
0.79261
0.990887
1.26759
0.748698
0.98957
0.714388
0.767353
1.05651
1.12204
1.18628
0.926383
0.95794
1.03669
0.950297
0.903413
0.857395
0.736205
0.889278
1.04936
1.17695
0.907642
1.06382
1.12559
0.888318
1.16431
0.995862
1.03393
1.42319
0.839137
1.09915
0.921388
1.07871
1.0414
0.891763
0.739387
1.11377
0.84331
1.05107
1.17708
1.24991
0.922442
0.805978
1.0033
1.08163
1.02795
0.84144
1.03359
0.736635
1.06682
0.716573
1.43398
0.795643
0.914167
1.08094
1.00616
1.07466
1.02923
0.910188
0.781355
0.878798
1.02387
0.854257
0.68378
1.02309
1.33286
1.14324
0.84094
0.985758
1.02395
1.25033
0.940258
1.1834
1.1009
0.907103
1.08322
0.79965
0.942813
0.696792
0.986717
0.581465
0.970173
0.951718
1.01996
1.15618
1.14054
0.804923
0.872015
0.822638
0.817972
1.21969
1.05112
0.922965
0.874708
1.13471
1.11053
1.32773
0.829303
0.811088
1.05112
1.02097
1.04824
0.96658
1.0794
1.15584
1.07982
0.918798
0.87559
0.91621
0.83319
0.957135
1.17114
1.14181
1.14368
1.42146
0.897068
1.07335
0.83183
1.03674
1.03575
1.15638
1.07146
0.98017
0.975308
1.09017
0.641783
0.810298
0.77153
0.897265
1.0861
0.980445
1.14539
1.04109
1.45182
1.29703
0.876433
0.909265
1.03235
0.887758
0.810577
0.9222
0.9441
0.97378
0.818343
1.19863
1.09838
1.25872
0.789927
1.08434
0.976255
1.31172
1.08653
0.799587
0.814138
0.670843
1.03096
0.869372
0.826155
1.18529
1.20905
0.915963
0.802452
0.997273
0.862315
1.05739
0.95384
1.25988
1.13195
0.98835
1.22222
0.865265
0.828257
1.14764
1.12322
1.26817
1.12803
1.12296
0.918488
1.3116
0.81472
1.21184
0.758645
1.34908
1.00011
1.09299
1.14029
0.954502
1.47162
0.752542
1.20399
0.834365
1.13573
1.12205
1.02941
1.21099
0.891417
0.886948
0.976755
1.05417
1.17597
0.663298
0.861582
0.892448
1.02132
1.23356
1.31062
0.713988
0.936998
1.07896
0.785895
1.28681
1.12322
1.34275
0.897273
1.01844
0.942942
1.21389
0.974702
0.967517
1.08293
0.935022
1.00623
1.14342
1.23135
0.810437
0.822405
0.962037
0.952588
0.977957
0.833023
1.1192
0.838997
0.9847
1.09606
1.11774
0.886355
0.981692
1.2257
0.862988
1.13837
1.04446
1.26547
0.933747
1.18124
0.909753
1.16501
0.831725
0.875867
0.838285
0.795002
0.770983
1.26307
1.03752
1.15066
0.947017
1.056
1.16824
0.942557
0.907887
0.75608
0.90935
0.974483
1.20111
1.08734
1.06892
1.01741
1.31307
0.93968
0.948603
1.11007
1.17691
1.05455
0.857833
0.933122
1.22162
1.27404
0.968518
1.06678
0.836335
0.932385
0.954063
1.29166
0.924578
0.805197
0.817867
1.10082
0.957953
0.840948
1.27019
0.887413
0.751887
1.01433
0.856212
1.40062
1.14061
1.10436
1.30007
1.04656
1.096
1.13361
1.1039
0.893457
1.10881
0.979053
0.841853
1.0826
0.848097
1.00449
0.969492
0.95791
0.99516
0.73796
0.822225
1.02305
0.945347
1.04593
1.20728
1.09211
0.970643
0.72482
0.915917
0.894762
1.21794
1.08779
0.715425
1.03446
0.702773
1.06384
1.11637
0.9444
0.96566
0.768275
1.00067
0.819182
1.1641
0.92155
1.1496
0.592015
1.03354
1.26045
1.23935
1.08973
1.17609
0.845745
0.971608
1.0558
0.976247
0.939263
1.33396
0.97995
1.12442
1.18946
0.981477
0.906225
0.97346
1.02362
0.840368
1.03128
0.873817
0.943643
0.7701
0.754497
1.1158
1.21014
1.0676
1.15339
1.19801
1.36041
1.31771
0.873707
0.996413
0.776728
0.996648
1.22091
1.18784
0.770233
0.967283
1.01017
0.9159
1.0523
1.18236
0.937718
0.98864
1.42051
1.19101
0.994887
0.866428
1.02218
0.77111
0.973272
1.05325
0.95759
1.14838
1.02182
0.887072
1.39209
0.911112
0.954023
1.14565
0.970538
0.776803
0.83644
1.25631
0.902958
1.19378
1.14701
0.537462
0.783617
0.816765
0.879915
1.28854
1.04977
1.12029
0.827703
0.657007
1.22127
1.10368
0.736678
0.603168
0.929083
1.02992
1.50738
1.00618
0.900058
1.13281
0.864255
0.896888
1.19496
1.02104
0.913558
1.08464
1.0456
1.08284
1.00515
1.20135
0.866523
0.879112
1.15264
0.656533
0.970728
0.875857
1.04614
0.849835
1.02983
0.830193
0.935857
1.00007
0.976813
0.932003
0.944438
0.753675
1.32721
0.815328
0.807648
1.03282
0.944225
0.93464
1.19268
1.05325
1.00548
1.32027
1.26366
0.924148
1.21288
0.950173
1.01202
0.988682
1.20715
1.1937
1.25294
1.16523
1.05397
1.27726
1.17853
1.09158
1.39183
0.813877
1.13659
1.08431
1.03948
1.03153
1.08666
1.01764
0.953725
0.881927
0.741353
0.91079
0.929898
1.03629
1.00787
0.989555
0.999073
0.842468
1.1643
0.968612
0.788058
0.843955
1.06128
0.529823
1.12253
1.13945
1.12551
1.30991
0.785765
1.16097
1.20125
1.08855
0.953893
0.883335
1.07461
1.36598
0.977843
1.15937
0.969817
1.10032
1.01267
1.0949
1.11683
0.849568
1.01989
0.895263
0.93494
1.01514
0.917232
0.81055
1.01095
0.944043
1.0537
0.849595
0.713323
1.07889
0.814723
1.21884
1.41962
1.1738
1.07295
1.00451
0.872228
0.830872
1.06389
1.19942
0.978135
0.946353
0.940982
1.08477
1.0202
1.21584
0.869755
1.20077
1.22143
0.987438
0.764482
1.25602
0.925365
0.9829
0.993543
1.1178
1.45438
0.731947
1.20425
1.24495
0.877282
0.850002
0.93008
1.05136
0.789333
0.984828
0.732418
0.753862
1.51051
1.02408
1.19527
0.962703
0.781465
1.05468
1.11559
0.755737
0.701142
1.12747
1.16779
1.02102
0.873798
0.998725
1.02763
0.866867
0.862542
0.963957
1.04305
0.874557
0.972873
0.861927
0.994833
0.86766
1.16512
1.09386
1.43668
1.14243
1.02549
1.14002
1.223
1.15036
0.95946
0.61715
0.990123
1.10635
1.31612
0.894735
0.867758
0.963545
0.940505
1.12469
0.893717
0.972203
0.82016
0.911587
1.12229
0.895263
0.905653
0.822718
0.818863
1.19366
1.1233
0.693963
1.02737
1.03196
0.987262
1.0624
0.841115
1.10751
0.765283
1.06573
1.13559
0.842747
1.20789
1.38862
0.932727
0.937897
1.01958
0.940422
1.01986
0.693108
0.956315
1.05719
1.11153
1.10665
1.05145
1.07678
0.944167
0.394763
0.901557
1.29862
0.954008
1.1368
0.908242
0.912348
1.0265
0.946162
0.757932
0.989628
1.12571
0.708107
1.28575
0.995408
0.852188
1.00097
1.06034
0.90772
0.772083
1.15928
0.812117
0.998493
0.941565
1.1894
0.948857
0.934585
0.901718
0.982163
0.943572
0.998002
1.12162
1.04577
1.03344
1.21614
0.803013
1.23074
0.951307
1.26708
1.02564
0.99077
1.14919
0.904032
0.916153
0.885253
0.976475
1.06225
0.766263
1.04034
1.11602
1.20064
1.10801
0.480522
0.894173
0.975112
0.451132
0.97557
1.14083
0.923883
1.01305
0.935697
1.31339
0.875617
1.4128
0.932635
1.13245
1.20747
1.18061
0.95387
0.951007
0.689242
0.931218
0.711823
0.975242
0.980697
1.26632
0.966792
1.07535
1.16874
1.04684
1.17302
0.9278
1.12096
0.786062
0.671483
1.21504
0.65831
1.03493
1.16228
1.12697
0.940995
1.16272
0.689305
0.892573
0.85661
1.14333
1.08234
0.819318
0.983008
1.06457
1.09031
1.07326
0.823105
1.13707
1.11566
1.12786
0.849687
1.18519
0.866787
0.613638
0.6074
0.843282
1.26749
1.02916
0.851508
1.09114
1.12327
0.975177
0.7539
1.41829
1.16981
1.06466
0.927018
0.90273
0.783118
0.996848
1.00094
1.01706
1.16735
1.13992
1.21898
1.19361
1.18508
0.736578
0.791908
1.05013
1.00394
1.13162
1.00941
0.86309
0.79227
1.19725
1.07662
1.1703
0.966123
1.20521
1.13839
1.17906
1.00057
0.76894
1.07765
1.03924
1.24164
1.0737
1.14385
1.15866
1.31346
0.774632
1.08874
0.898078
0.910062
0.693552
1.09328
1.10753
1.27352
0.860377
1.1116
0.975257
0.791362
1.25452
0.878098
1.08311
0.837188
0.839275
0.724635
0.551902
1.15888
1.01527
1.15409
0.849222
1.05663
0.796345
1.01053
1.03467
0.91797
1.06376
0.922947
1.10886
0.795457
1.0358
1.03731
0.947953
0.865253
1.08508
1.1562
1.3598
1.12938
0.986508
0.991342
0.801418
0.930715
1.37761
1.16799
0.815948
0.698258
1.17193
1.03674
0.825008
0.751032
0.947097
1.02853
1.04419
0.742625
1.07021
0.874583
1.09791
0.896433
1.12308
1.10102
1.33422
1.16224
0.946022
1.26245
0.682205
0.823235
1.1141
0.800622
1.0497
0.652792
1.13115
0.8755
0.883478
1.21751
1.26109
0.977178
1.13163
0.966652
1.14625
0.883523
0.761498
1.05232
1.3089
0.874193
0.881648
0.848948
0.987793
0.848587
0.913708
1.33181
1.15793
1.09287
1.06574
1.07508
0.912102
0.944208
1.09456
1.12921
1.07875
1.18361
1.35979
0.865638
0.934233
0.999493
1.03806
1.09036
0.949037
0.771733
0.940502
1.35285
0.837867
1.23113
1.26677
0.868255
1.10796
0.941637
0.9311
0.953907
1.48785
0.849107
1.0357
1.04048
0.9228
1.30157
1.23488
1.18626
0.741573
0.734688
1.14168
0.823712
0.615625
1.02938
0.988495
1.05922
1.02677
0.869793
0.944062
1.08758
0.805277
1.01485
0.921587
1.02295
0.929962
1.10579
1.1615
1.05643
1.12084
0.926595
0.753763
0.852327
0.94584
1.01647
1.00796
0.76919
1.0956
1.06873
1.03837
1.31459
1.11072
0.95968
0.91199
1.2345
1.06973
0.773978
0.995693
0.992778
1.08716
1.25632
1.23436
1.06377
0.686457
0.955325
1.06597
1.21016
1.09419
0.896058
1.11196
1.00456
0.919228
0.769165
1.1185
1.07859
1.10243
1.1033
0.683205
1.23981
0.787312
1.37024
0.824822
1.13612
1.05642
1.33598
0.946038
1.26504
0.988443
1.0367
0.899137
0.772083
1.21967
1.20245
0.963445
0.898435
0.896738
1.02685
0.901305
1.06347
0.987
1.11668
0.920123
1.05148
0.716547
1.28882
1.15807
0.684745
0.991982
0.843732
1.12872
0.901797
1.13354
0.909492
1.01943
0.929462
1.09369
1.25047
1.21722
0.926363
1.26258
0.806977
1.22379
1.0233
0.743352
0.616725
1.01875
0.955852
0.940762
1.09672
1.00157
1.06357
1.33836
0.653032
1.09993
1.00984
1.05103
1.21533
0.997952
0.915355
1.16136
1.00316
0.862398
1.19744
0.999148
1.14624
0.84239
1.0032
0.919043
1.10605
1.11289
0.953812
1.11804
0.872233
0.859307
0.955438
0.857337
0.826733
1.04524
1.01186
1.08465
1.07467
1.02223
1.20491
0.966242
0.836412
0.825823
1.00924
1.28636
0.999877
0.971858
0.822268
0.86544
0.850372
0.780603
0.96109
0.989905
0.778153
1.01683
0.792742
0.77467
1.01908
1.2229
0.921
0.844708
0.90146
1.04324
0.739533
0.852412
1.07602
1.00301
0.986025
0.85666
1.12849
1.14434
1.05717
0.672143
1.0453
0.74013
0.949612
0.9068
0.833595
0.89078
0.872475
1.09563
1.05888
1.11466
1.18657
0.934928
0.950902
0.929267
1.11139
1.13223
0.825568
0.884992
0.851802
1.04607
1.05225
1.05148
0.993107
1.08452
1.00923
0.802195
0.774995
1.16599
0.984753
0.795763
1.15246
0.897618
0.736515
1.34095
1.00186
0.849575
1.12193
0.63317
0.999158
1.15616
1.13414
1.1788
0.821083
0.899672
0.875872
0.941658
0.673258
1.0169
0.992978
1.1846
0.952233
0.922517
0.928175
1.0364
1.14408
1.08727
1.14183
0.993162
1.36509
0.911758
0.772462
1.20589
1.37263
1.12544
1.0507
0.921615
1.13037
1.16745
1.14195
1.17952
0.914228
1.01364
1.10095
1.09133
1.00277
1.00265
0.814357
1.19568
0.851085
0.93766
0.936967
1.33272
0.842158
0.816525
0.928712
0.977945
0.745948
1.17104
1.18611
1.16121
1.33622
0.869445
1.01725
0.931125
0.831122
1.23435
1.34302
1.01074
1.0593
1.15567
1.10758
0.990188
0.9365
0.636743
1.05263
1.11743
0.981808
0.76538
1.32855
1.3193
0.824
1.01225
0.912212
0.793367
0.702077
0.938017
1.25312
0.83367
0.907948
0.927752
1.27289
1.01251
1.17257
0.908563
1.00464
1.04292
1.08223
1.11433
1.0013
0.862242
0.897125
1.16627
1.06576
1.1613
1.22037
1.00082
0.667408
0.966813
0.853132
1.13502
1.31287
1.05888
0.80481
1.0295
1.0309
0.845538
0.891652
1.01472
1.18538
0.838998
1.14744
0.958863
1.10863
1.13895
1.12574
0.800353
1.08242
1.05718
0.933373
0.939378
0.956333
1.03607
1.19223
0.743608
0.97382
1.20602
1.13571
0.99012
0.992513
0.76752
0.898293
0.98633
0.816147
1.00338
1.22621
1.34417
1.10678
1.27699
1.38936
0.87549
0.834148
0.877027
0.898225
1.03955
0.881463
0.68569
0.988902
0.934617
0.892237
0.974113
1.16033
0.791653
0.955368
1.12118
0.915288
0.790587
0.935683
0.910263
1.20962
0.853777
0.901327
0.711028
1.31031
1.13702
1.07192
1.01008
0.820257
1.27245
0.668742
0.923948
0.954273
1.10149
0.716153
0.95419
0.742302
1.26711
0.955652
0.829292
0.95969
0.766693
1.15048
1.06191
0.919575
1.09844
0.758223
1.14876
0.961562
1.09534
0.648578
0.893387
1.06096
0.82533
0.897243
1.1432
0.994982
1.03434
1.02114
1.13644
1.11248
1.14111
1.20998
0.854533
1.28715
0.985315
0.880775
0.96039
0.97105
1.04333
0.976458
0.92933
1.09293
0.762628
1.12503
1.11515
1.24348
1.24375
0.82111
1.14565
0.724697
1.14569
0.718565
0.721672
1.00277
1.35443
0.841927
1.09887
0.66292
0.86351
0.741108
0.686928
1.03625
0.906058
1.01781
1.26385
1.13197
1.0978
1.05635
0.54725
1.12579
1.04452
1.03054
1.16294
1.37979
1.20956
0.939898
1.35558
1.08061
1.16179
0.88295
1.06892
0.973635
1.23672
0.940433
1.03637
0.942888
0.927615
0.857197
1.1121
1.01584
0.77931
1.32286
0.767373
1.28433
1.20819
1.33023
1.18731
1.12737
1.00183
1.02599
0.674507
0.95731
1.03679
0.935347
0.978912
0.922062
0.894717
0.97255
1.0557
1.03824
1.03103
0.70709
0.878273
1.15713
0.743317
0.90085
1.12094
0.806268
0.57194
1.15166
1.27623
1.02081
1.1498
1.04269
1.23709
0.951037
1.21902
1.00858
0.746598
1.07529
1.11327
0.755843
0.684267
1.02984
0.983163
0.968553
0.920672
0.650958
1.12114
0.922453
0.987445
0.856498
0.949973
0.647508
0.963165
0.932082
0.970345
0.864767
1.01631
0.980338
1.01721
0.875377
1.38047
1.06236
0.905522
0.925588
0.877095
0.968235
0.963765
0.834817
0.999012
0.91291
0.909198
0.994537
1.06994
0.928587
0.992937
0.739762
0.71985
0.88553
1.08862
0.956842
1.0233
0.867393
1.10494
0.907208
1.04755
0.963307
1.01375
1.19301
1.1002
0.745777
0.920867
0.889145
1.0341
1.25754
0.778982
0.988623
0.84912
1.1345
1.06212
1.22204
1.15044
0.835843
0.92878
1.07776
1.08665
1.10029
0.788867
1.04878
0.84895
0.960437
0.78333
0.745043
0.99441
1.11061
0.646675
1.13699
0.845535
1.18868
0.767673
1.04117
1.122
0.858752
0.87112
0.894862
1.1514
0.97744
0.950785
1.16656
1.33994
1.08167
0.93106
1.01345
0.590073
1.07413
1.03577
0.784632
0.960062
1.06147
0.743625
0.841943
0.647245
0.86461
1.07769
1.22626
0.981118
0.884217
0.974417
0.992522
0.829398
0.880693
1.12977
0.884937
1.05087
1.03043
1.05577
1.20188
0.846053
0.830107
0.877883
1.19818
1.18128
0.986018
0.926295
1.29308
1.02376
0.951432
1.07419
1.08075
0.978427
0.959962
1.08969
0.944178
1.08809
0.999235
0.942643
1.14161
1.08527
0.901897
0.865868
0.817483
0.94246
1.10314
1.01201
0.845642
1.2738
0.729853
0.95335
0.705358
0.987702
0.864433
0.849483
0.935775
0.609908
0.954005
0.920983
1.0695
0.900187
1.05468
0.94726
0.792402
1.2938
0.75415
1.01059
1.49897
1.25003
1.28946
1.0672
0.891735
0.99727
1.3749
1.01032
1.28355
0.799675
0.829682
0.99985
1.11383
1.39618
0.78569
0.93749
0.944913
0.743865
1.00025
0.977195
0.753223
1.11087
0.896965
1.19312
0.9337
0.951635
1.00026
1.06125
1.0211
1.00125
0.934388
1.21694
0.8275
0.90232
0.678672
1.06594
0.812858
0.886553
1.04486
0.910513
1.04742
1.47392
1.00657
1.34902
0.882817
0.674863
1.21252
0.828962
0.866215
0.860837
0.737165
1.1082
0.816788
1.11439
1.12277
1.1559
1.10932
1.24574
1.09185
0.969712
0.627253
0.909255
0.994275
0.974155
0.965257
0.974817
0.863237
1.13317
1.16854
1.00754
1.09538
1.22533
1.09979
1.24228
1.05471
0.99765
0.695175
1.10896
1.02396
1.06645
1.11014
1.10209
0.902662
0.70191
0.808323
1.03649
0.942713
1.04863
0.724665
0.782242
1.216
1.34549
1.0749
1.04234
1.22405
1.08163
1.07148
1.0199
0.971322
0.803725
1.07194
0.896937
1.06428
1.1185
0.842152
0.958232
0.677527
0.8652
0.869803
0.975248
0.923232
1.42461
0.66791
0.646198
0.981348
0.909525
0.732295
1.06057
0.924843
1.37655
0.879607
1.23103
0.774737
1.50407
0.861488
1.04746
0.92113
1.09818
1.20578
0.859613
1.20489
1.18996
1.06189
0.84494
0.90023
0.900228
0.787597
1.11644
0.99119
1.22428
0.808475
0.719518
1.08285
0.993918
1.09126
0.835857
0.718963
1.3347
1.07945
0.971213
0.91791
0.809503
0.83774
1.19383
1.0576
1.41436
0.995742
0.774845
1.33402
1.08905
1.09852
1.22451
1.08114
1.0648
0.936593
0.764827
0.857107
0.985942
0.947013
1.02913
0.867365
0.742743
0.76439
1.06245
1.15334
1.11043
0.837368
0.76179
1.10984
1.28314
0.835852
1.10218
1.12729
1.27805
0.714658
0.691423
0.895438
1.24441
0.841507
0.972427
1.12005
0.99114
0.900847
1.0988
1.14416
1.22639
1.07591
1.18777
1.18683
1.0006
1.17696
0.764853
1.00869
1.17842
1.06018
0.960632
0.586187
0.98411
1.021
0.779503
0.837182
0.797088
0.9981
0.99764
1.07736
0.895423
1.01709
0.805407
1.00896
1.06681
0.825002
0.820553
0.832352
1.12859
0.935033
0.68315
1.03589
1.01644
1.13325
0.983428
0.96842
1.19705
0.74195
1.16627
1.17032
0.908628
1.07328
1.11579
0.753052
1.1906
1.01172
0.926605
1.04875
1.12591
1.25927
0.922357
0.929238
0.977247
1.18504
0.709788
0.786973
1.33892
1.11625
1.09093
1.04945
0.867452
0.978025
0.769128
0.810865
1.06415
0.947572
0.968057
0.878407
0.996287
0.797908
1.36464
0.917685
1.10481
0.850837
0.838462
1.17285
1.13496
0.955802
1.12477
1.18726
1.18902
0.861432
0.922997
0.807148
1.00216
1.14662
0.573317
0.715307
0.965957
1.08991
0.97812
0.83889
0.848532
0.890768
1.07461
1.1404
0.998267
1.20633
1.00697
1.27599
0.934385
1.01042
0.945918
1.05846
0.900595
1.07975
0.954343
1.0518
1.34084
1.04878
1.26605
0.904627
1.15499
0.997013
0.998713
0.827608
1.19846
0.970778
1.18085
0.752342
0.823492
0.85479
1.27436
0.689373
0.854972
1.01843
0.92218
1.1275
0.99188
1.26069
0.953053
0.800697
1.0427
0.981907
1.19093
1.2941
1.06699
1.075
1.01114
1.00862
1.07084
1.03829
0.934452
1.00507
0.951423
1.16137
0.95937
1.17526
1.0759
1.3049
1.1458
1.14198
0.968717
1.14514
0.647998
1.07141
1.14136
0.837118
1.08982
0.72714
1.3675
0.923452
1.02229
0.695517
0.927837
0.902057
0.961418
1.15021
0.95364
1.04678
0.826787
0.87477
0.97887
1.06883
0.866057
1.0707
1.19597
0.964987
0.664965
1.3836
1.24727
0.760958
1.25364
1.02625
1.15186
1.15563
0.982078
1.05248
1.01361
0.98768
0.967468
1.09879
0.790035
1.05535
1.0001
0.625578
1.1533
0.825287
0.647343
0.887223
0.798205
0.958817
0.8226
1.31207
0.92775
0.997355
1.07652
1.34518
0.702175
1.08978
1.00592
1.39748
0.964447
1.0441
0.79411
1.00056
1.06623
0.809182
0.93982
0.908578
1.05962
0.953805
1.18143
1.22044
1.23317
1.26253
1.0044
1.04948
0.855997
0.738198
0.8929
1.16777
1.00335
0.695263
1.05235
0.932192
0.865155
1.07706
0.779977
1.22589
0.97529
1.19627
1.12817
1.2053
1.03848
1.02963
1.106
1.10392
0.861728
1.24038
0.889153
0.861665
1.15313
1.03876
0.806693
1.00464
0.866575
0.912933
0.888055
0.62604
1.02246
1.26243
1.0771
1.15314
0.963372
1.0331
0.790193
0.861665
1.05827
1.10378
1.04657
1.15468
0.984572
0.879947
1.22836
0.82885
0.828578
0.693205
0.837985
0.98245
1.05525
1.1927
0.985102
0.940367
0.569502
1.09786
1.07323
1.07818
1.18235
0.986577
1.06067
0.930735
1.08072
1.11349
0.79827
0.873358
0.848605
0.9706
1.00958
1.18073
0.973272
1.0704
1.05861
0.980677
1.02657
1.03128
0.746573
0.92607
1.20016
0.684607
0.830115
0.959097
1.03665
0.87059
1.07458
1.01013
0.935885
1.13789
1.26731
0.790348
1.01989
1.16818
0.856937
1.16512
0.968262
1.30515
0.949002
1.20274
0.939678
0.881803
0.758917
1.05225
1.13297
0.771843
0.927788
0.899533
1.39121
1.09214
1.13994
0.914388
0.99503
0.867058
1.24666
0.972477
1.33512
1.10411
0.885347
1.19709
0.933772
1.19419
0.778092
0.918378
0.955907
0.777275
0.771125
1.18704
1.11537
1.13438
0.940522
0.730097
0.837583
1.32837
0.886772
0.794457
1.05188
1.20964
1.10067
1.39498
1.21639
0.987648
1.04441
1.33953
0.941858
1.10145
1.14059
0.819092
1.09084
1.16778
1.12151
0.937113
1.16553
0.850443
1.07365
0.988175
0.840192
0.902305
0.75825
0.943082
0.999165
0.922452
0.775385
0.83242
0.632948
0.931793
0.923522
1.00626
1.11984
1.15145
0.998525
1.2235
1.0628
0.913977
1.08337
1.18262
0.944897
1.06425
0.935858
1.49036
0.961095
1.03292
1.15297
0.557935
0.880372
0.930372
1.29547
0.861018
1.08246
0.956398
0.867098
1.04921
0.848977
1.15437
1.10287
1.12951
0.755992
1.17072
0.940075
1.30094
1.02204
1.01323
0.746652
0.995833
1.02654
0.880775
0.896285
0.888547
0.992695
1.08425
1.02514
1.13501
1.1591
0.887215
1.16524
0.828328
1.01629
0.945828
1.21822
0.890192
0.897842
0.893335
0.848478
1.13296
1.1382
1.08975
1.05596
0.870447
0.907917
1.17063
1.23519
1.13566
1.34304
0.867698
1.05969
0.982205
0.908855
0.807378
0.969635
0.783945
1.04218
0.81193
1.0545
0.828778
1.05874
0.823477
1.42012
0.942957
1.5061
1.06036
0.970837
1.03093
0.849255
0.970927
0.884405
1.03318
0.95493
1.0458
1.13726
1.12277
0.864043
1.14906
0.974355
0.831667
0.810153
0.895618
0.86834
1.22845
1.09755
0.868815
1.14395
1.22356
1.18372
0.791098
0.96276
0.99939
0.674622
0.881305
0.847307
1.04771
0.966093
0.898837
0.925707
0.894807
0.702088
1.18026
1.47642
0.908187
0.847353
1.14579
1.15403
0.873937
1.25426
1.09466
0.627935
0.939893
1.26392
0.597882
0.50252
0.765747
1.27472
0.95984
1.04894
0.767705
1.24241
0.91909
1.00989
0.967975
0.634607
1.1431
0.88999
0.870987
1.05142
1.02891
1.42214
1.00123
0.81468
1.17118
0.661062
1.16384
0.773172
1.10586
1.05926
0.813767
0.743292
0.898655
1.22814
0.98644
0.505897
0.891415
0.935105
0.878038
0.946782
0.861377
0.994912
1.01807
0.785503
1.50582
1.04323
1.1942
0.871343
1.0507
1.02032
0.893038
0.899927
0.82653
1.03592
0.86587
1.03583
1.23523
0.964172
1.10132
0.970083
1.11361
0.9564
1.24622
1.13423
0.862728
0.949475
0.908017
1.07607
0.90829
0.87999
1.37362
1.09012
1.07861
1.01052
1.0238
0.869117
0.843693
0.79851
1.08937
1.17483
0.753865
1.04804
1.20445
0.874085
0.62429
0.911935
1.0478
0.894882
0.80527
0.990868
1.21557
0.8844
0.848717
0.991313
0.778463
1.12544
0.785095
0.994362
1.18494
1.00289
0.841375
1.08622
1.08432
1.24047
1.19508
1.0342
0.897702
0.805502
1.12811
0.927152
1.03136
1.25483
1.22378
1.09846
0.848338
0.911833
0.798603
0.971608
1.072
0.908973
1.22418
1.20389
0.774908
0.977702
1.18656
0.953603
0.9209
1.19928
1.10722
0.819712
0.81909
0.871027
0.743705
1.06841
0.90361
0.768945
1.14982
1.28339
0.892918
0.768498
1.32236
1.18074
1.30836
1.08686
1.14957
1.20892
0.749822
1.22254
0.900033
0.916308
1.2975
1.2453
0.805195
1.02426
0.99167
0.956882
1.24998
1.13209
1.03626
1.05153
0.9412
1.0914
0.863793
0.951877
1.14012
0.801975
0.895117
1.23593
0.896127
0.800763
1.00526
0.957017
1.16604
1.14851
1.22667
0.991205
1.09674
0.976253
1.09709
0.863922
1.1672
1.13161
1.17654
1.06516
1.09168
0.664055
0.738882
1.24273
1.14093
1.01353
0.696942
1.23174
1.02229
1.08095
1.18168
0.927682
1.06005
1.01711
1.08903
0.842285
1.00062
0.829163
1.12818
1.10136
0.953282
1.29614
0.99011
1.03076
0.933903
1.09694
1.15052
1.21042
0.973298
1.06969
0.770975
0.791385
0.877538
1.1327
1.24903
1.22514
0.92374
0.910702
1.24523
1.01455
0.83892
0.634345
1.11976
1.0055
0.801668
1.07972
1.2804
0.95138
1.14958
1.04437
1.11983
1.04181
0.873482
1.08808
0.881248
1.03613
1.04785
0.621092
1.13267
1.22722
0.800378
0.930512
1.27062
0.949358
0.906087
1.05526
1.20087
1.06815
0.937512
0.973692
0.416063
0.900073
0.714367
0.990743
0.741093
0.969307
1.07787
0.998085
0.933213
1.12179
1.07874
0.906832
0.85622
1.14794
1.08637
1.10701
1.25643
1.18196
0.945627
1.14897
0.9228
0.748985
0.608082
0.89681
0.918408
0.962653
0.900047
1.06619
0.63295
1.10302
1.01072
1.02321
1.1954
1.15315
0.853125
0.965473
1.11634
0.9991
0.966715
0.70912
1.1057
1.02629
1.04974
1.14107
1.19772
0.98441
1.02151
1.10607
1.05477
1.08498
0.766105
1.14958
0.968313
1.00098
0.81452
0.983925
0.789113
0.903223
1.21386
0.945743
1.29546
1.34098
0.836865
0.871507
1.08032
1.0661
0.909958
1.40939
1.19163
1.0396
0.765817
1.0224
0.875525
0.798447
0.997112
0.806157
0.831528
0.959263
1.25536
0.992365
1.18207
1.14314
1.01005
1.27293
1.23832
0.936598
0.851375
1.08801
1.07381
1.16463
0.946797
0.96858
0.688552
1.11752
1.09597
0.970273
1.05531
1.4988
0.76358
1.05325
1.24235
0.901138
1.09636
0.969983
1.23084
1.1171
0.820723
1.07272
1.2783
1.12874
0.988403
1.06342
0.97342
0.935285
0.648268
0.990052
0.95065
1.25365
1.07684
1.30813
0.935668
0.985567
0.989697
1.16961
0.885457
1.19396
0.93252
0.73109
0.99265
0.831733
1.03879
1.28035
0.927427
0.866253
0.938567
1.27094
1.16879
1.03546
1.137
1.20341
1.32076
1.16209
1.07763
0.876972
0.908527
0.899488
0.875433
0.905217
0.906575
1.04795
1.04198
1.04402
1.04694
1.03872
0.883617
1.18909
0.873102
0.92576
0.797912
1.16051
1.17733
0.986235
1.02037
1.18113
0.698015
0.85489
1.05481
1.16945
0.727137
0.92811
1.39013
1.0938
1.00792
1.06961
1.08168
0.848422
1.14053
1.08273
0.904473
1.02899
0.946285
0.65964
0.931568
0.856465
0.777197
1.15402
0.974847
0.998753
0.87331
1.5248
1.10543
1.15721
1.01649
1.00558
1.3987
0.918513
1.05614
1.06761
1.17663
0.780965
0.977483
1.23139
0.858052
0.965783
0.490552
1.2889
0.967955
1.01503
0.856765
1.05047
1.13016
0.602458
0.986888
0.94052
1.29791
0.662907
0.693808
0.862263
1.07007
1.15659
1.17978
1.06798
1.17542
0.708688
0.874927
0.822625
0.9609
0.944273
1.23247
1.08414
0.963262
1.23738
1.22555
1.19379
1.30117
0.919965
0.9933
0.883388
0.896592
1.16687
0.651713
1.0737
0.965868
0.741862
0.930267
1.1344
1.18728
1.10891
1.19855
1.01291
1.16455
1.09725
1.00342
1.073
1.08973
0.77429
1.16361
0.791588
1.04111
0.691502
1.37678
1.0633
1.01195
1.00387
1.04936
0.641692
1.44173
0.898868
1.1207
0.850542
1.02548
0.932303
1.09438
1.015
1.28131
0.628315
1.01027
0.959793
1.02044
0.848727
1.03933
1.28378
0.813855
1.19468
0.871975
0.915187
1.06123
0.891365
0.993657
1.40046
1.0001
1.0428
1.05144
1.08107
0.60141
1.04705
1.0638
1.15422
1.01728
0.986263
1.26692
0.927058
1.0259
0.929162
1.19196
1.21029
0.97085
0.774843
0.816682
1.13683
1.29361
1.01165
1.23064
0.929968
1.13216
0.78012
1.08169
1.10544
0.946163
0.939667
1.26818
0.759755
0.76494
0.948563
1.10506
0.894268
1.02087
1.18565
0.995542
0.905575
0.90498
0.921843
1.1896
1.38305
0.870858
1.24946
0.94637
0.808755
0.909697
1.06184
1.02433
0.855588
1.05648
0.93781
1.20285
0.973857
1.12374
1.40367
0.978427
1.04083
1.00754
1.02493
0.968028
1.16396
1.09631
1.19602
0.85517
0.85525
0.566553
0.901515
0.914815
1.21861
1.05249
0.842745
1.11194
0.726165
1.00099
1.13952
0.79503
1.18786
1.2826
0.964955
1.1558
0.967278
1.10861
0.860988
0.925995
1.02538
0.842877
1.09335
0.668065
0.702478
0.952773
0.836285
0.810617
0.930885
0.84679
1.03816
0.935387
1.05393
0.941538
0.817407
1.07156
0.829848
0.7015
0.870285
1.27358
1.07037
1.1233
0.931705
1.15604
0.766692
1.01545
0.95904
0.953607
0.831355
1.16224
1.05414
1.07598
1.35277
0.894238
1.00662
0.977232
0.798265
0.912065
1.20152
0.725228
1.21871
1.36847
0.88401
1.0098
1.18364
1.32716
0.842992
0.780242
1.00334
0.92961
0.846678
0.752843
1.02902
0.806933
0.86813
1.02194
1.04305
0.85129
1.12525
1.25118
0.920412
1.0548
1.00568
1.24989
1.02967
0.996123
1.08079
0.67327
0.988562
0.86952
1.0459
1.02476
0.909238
1.03147
0.948285
0.946195
0.992517
1.05831
0.997497
1.07372
0.676365
0.679672
0.9741
1.17303
1.12004
0.849703
0.689183
0.88898
0.65128
0.876768
1.06644
1.16438
1.16465
1.14992
1.11701
0.814622
1.18101
0.662365
0.975282
1.3411
1.0076
0.707828
1.05326
0.670485
0.696867
0.929865
0.831933
0.884367
1.02063
1.03409
0.81782
0.832475
0.606117
0.755465
1.1317
1.03622
0.939517
0.840762
0.964562
0.88914
1.10368
0.956157
1.04133
0.998097
1.13712
0.995508
1.12512
0.59144
0.993283
1.02416
0.84028
1.15376
0.971613
0.77554
1.09015
0.963193
1.13746
0.878337
1.15392
0.702032
1.14719
1.05846
1.02463
1.13365
1.23783
0.941992
0.891363
1.20943
1.33106
1.15583
0.99841
1.03027
1.01801
0.970347
0.90256
0.976778
1.02711
1.40019
1.15273
0.836017
1.03289
0.860987
0.93148
0.800147
0.694965
1.19489
0.99918
1.15374
0.966092
1.06592
1.00156
1.05199
0.988982
1.17535
1.19606
1.16738
0.625213
0.738135
0.992333
1.13396
1.2465
0.993022
0.910405
1.14028
1.22687
1.09037
1.16953
0.958762
1.00153
1.13501
1.02824
1.10593
1.07321
1.16348
0.873443
0.850393
0.909118
1.09359
1.0754
0.929653
0.734972
1.01823
0.871257
1.01601
0.935227
1.17849
0.890545
1.15373
0.858405
1.14588
0.843773
0.854035
0.958502
1.10521
0.810862
0.99704
0.985157
0.630442
1.09496
1.12719
0.753423
0.840387
0.659543
0.917292
1.19324
1.07215
0.939208
0.836968
0.891637
0.864323
0.891222
1.06134
0.731628
0.757842
0.882587
1.07818
0.848123
1.07082
1.03632
0.805793
1.09586
0.955282
1.32864
1.08178
0.956972
0.729463
1.02177
1.26014
0.93449
0.859782
1.14765
0.901395
1.02042
1.08107
0.802918
1.116
1.33755
0.86238
1.00947
1.23025
0.811287
0.952925
0.846462
1.16216
0.977057
1.19169
1.09204
0.962862
1.03172
1.10966
1.26477
0.886628
1.12634
1.09114
0.984947
0.897978
1.22261
0.990977
1.06688
0.884165
0.89648
0.942172
1.21463
1.14257
1.20653
1.05194
0.84461
0.940213
0.974507
1.26958
0.922998
0.884685
1.04453
0.847663
1.04577
1.28633
0.763383
1.02566
1.02229
1.25593
0.974837
0.714705
1.21997
0.793372
1.29515
1.45986
0.659177
0.727095
0.917335
0.825342
0.954013
0.76368
1.06244
0.973752
1.1437
1.09925
1.09992
1.04498
0.756983
1.30428
0.865843
0.921432
1.0679
0.892895
0.781413
0.916808
0.78717
0.734832
1.08333
1.13895
1.13622
0.94397
0.853555
0.953512
0.64013
1.15
1.00718
0.825882
1.10124
1.13645
1.08327
0.974423
0.876202
0.820842
0.848878
0.844465
1.14559
1.06414
0.874873
1.02332
0.677928
1.31887
1.2207
0.936645
0.885042
1.17406
0.829115
1.04563
0.978038
1.04097
0.853542
1.06094
1.084
1.16402
1.22808
1.34406
0.751915
0.689988
1.0122
1.10047
1.08167
1.25775
1.25738
1.02509
0.636558
1.08821
0.957167
1.16156
1.19088
0.809177
1.0579
1.16344
0.761385
0.948767
0.846738
0.879885
0.994628
0.929247
0.815955
0.832672
1.09378
1.16983
0.623375
0.64628
0.973253
1.05876
1.24068
1.13816
0.92923
1.05124
1.16494
1.08562
0.976112
1.00418
1.38932
0.77255
0.903523
1.04673
1.02754
0.873063
0.983488
0.884153
0.756665
0.935873
0.939478
1.03378
1.13184
0.946088
0.878022
1.21277
1.32434
0.780545
0.872222
0.889005
1.22196
1.05602
1.07185
1.09351
0.98727
1.12796
1.07915
1.08418
1.19606
0.680382
0.62508
1.04354
0.893138
1.09327
1.02801
1.07829
1.14706
0.811175
0.910792
0.937667
0.869903
0.962385
0.987165
1.08287
1.21025
1.10745
1.04761
1.27964
0.96155
1.01088
1.01457
1.20358
0.945438
1.02242
1.15053
0.7725
1.00018
0.838922
1.0491
1.11789
0.973347
1.055
0.977013
0.888262
0.84105
0.998368
0.784832
1.00789
0.949538
0.933845
1.07335
1.02994
1.23274
0.906515
1.09326
0.792852
0.81021
1.016
1.10959
0.920592
1.21914
1.01747
1.03
0.754812
1.0194
0.8505
0.979283
0.794235
0.896263
1.08327
1.16913
1.26461
0.928492
0.640415
1.14902
0.994622
1.20996
1.34184
1.24495
1.02708
0.961777
0.896457
0.951682
1.0854
0.897435
0.786772
0.954702
1.0692
0.934848
1.12502
0.891067
0.822315
0.781983
1.02269
0.948398
0.951275
0.97307
1.20106
0.818502
0.946702
0.86219
1.00094
1.14508
1.0966
0.984258
0.827773
0.980293
1.17779
0.860812
1.52059
0.877213
1.07662
1.06505
0.884655
0.903268
0.996942
1.00358
1.0432
1.01278
0.813397
0.897535
0.828188
0.915352
1.09707
1.04447
1.23376
0.831298
1.15219
1.24358
1.02696
1.018
0.94483
1.21551
1.37545
0.935837
1.17579
0.861863
1.14558
1.06813
0.886848
0.998512
1.08191
0.967655
1.09593
0.960005
1.10203
1.23107
0.949935
0.994535
1.11789
0.785785
0.888222
0.924143
0.96219
1.26488
0.966768
0.894472
1.08137
0.942082
0.918232
1.04686
1.01323
0.626997
0.974625
0.928775
1.26309
0.990582
0.941382
1.25353
0.977437
0.820732
1.17884
1.03273
0.877327
0.805153
0.84725
0.958485
0.753208
0.809748
1.04609
1.0887
1.11157
0.90494
0.820387
1.0825
0.907382
1.25899
1.08257
1.27157
1.10681
0.712817
1.1092
0.905325
1.18664
0.98892
0.9753
1.1033
0.87691
0.896973
1.22813
1.12629
1.10883
1.19136
0.953587
0.750698
0.957572
1.04954
0.742708
0.830252
0.917898
1.16991
0.912895
1.15477
0.714745
1.04178
1.05478
0.836865
1.20498
0.705492
1.00075
0.912277
1.16451
0.968137
1.04763
0.955853
0.808055
0.841537
1.16968
1.07518
0.685795
0.880893
0.89608
0.93565
1.1568
0.966617
1.3365
1.12933
0.938025
0.689565
0.705407
0.9467
1.13865
1.04731
1.12572
0.970598
0.832235
0.863997
1.03798
1.15475
0.890805
1.36132
1.00916
0.902932
1.02005
1.29392
1.27077
1.03662
1.04962
0.714533
1.23855
1.01775
1.11584
1.40276
1.06779
0.9034
1.04954
0.777783
0.767302
1.18833
1.0862
0.743715
1.14381
0.828068
0.850505
1.04454
0.934177
0.932023
1.02874
1.13265
1.0287
0.990017
0.828683
1.25416
1.10212
1.15209
0.972172
1.17169
0.93653
0.718342
0.785973
1.01762
1.06999
0.83527
1.01288
1.00296
1.1826
1.17037
1.20828
1.12282
1.09459
1.16021
1.03658
0.813485
1.11589
1.02946
0.719748
0.949682
0.757312
0.781748
0.987518
1.1997
1.26987
1.20344
1.03714
1.03547
0.989175
1.29206
0.783448
0.962153
1.0519
1.05001
1.03318
1.02603
1.12388
1.01684
1.16881
0.97237
0.900357
1.09032
0.96707
0.761888
0.875557
0.955048
1.26458
1.09161
1.08823
0.890643
1.27381
1.15294
0.940567
1.30412
1.34081
1.12138
0.867807
1.12457
1.02689
0.90353
0.906317
1.11985
1.00771
1.08839
1.08152
0.971505
0.818605
0.872043
0.897377
0.52414
0.991752
0.825538
0.979463
0.947877
1.04175
0.965208
1.43294
1.05645
1.01783
0.939412
1.11386
0.941805
1.12007
0.904632
1.06112
1.1404
0.86508
0.937612
1.22181
1.15161
1.15442
1.02408
0.862513
1.26655
0.870077
1.00377
1.3064
1.05954
1.33379
1.03549
1.04842
0.922047
1.11091
0.927212
0.964918
1.31531
0.99964
1.23112
0.95391
0.760132
0.86666
0.784735
1.09337
0.725557
0.946952
0.89941
0.967222
1.02497
1.05503
0.761378
1.17349
0.85537
1.22975
1.0735
0.923202
1.12471
0.900882
0.82786
0.82977
1.05522
1.04487
0.928237
1.03164
1.10166
1.15081
0.970535
1.0477
0.985423
1.06837
0.812355
1.04881
1.07392
0.730235
0.980375
1.28149
0.69061
1.0014
1.16167
0.84609
0.959085
0.904737
1.05877
1.28395
0.63158
1.06753
1.02891
0.911165
0.835848
0.98944
0.959248
1.13619
0.729257
1.18603
0.953457
1.08186
0.917947
0.904507
0.811338
1.15611
0.853455
1.0151
1.03523
1.13213
1.05043
1.17857
0.851572
0.942325
0.898785
0.811025
0.924337
0.798715
0.935537
1.0993
1.10517
1.22215
1.14965
0.851902
1.20335
1.01402
0.88123
0.83785
0.962727
0.828393
0.859633
1.01249
1.41291
0.943507
1.16127
0.578305
0.9606
1.19767
1.21871
1.02944
0.984635
1.20887
0.680973
0.998935
0.91533
0.96067
0.908035
1.22188
1.23844
1.15298
0.797615
1.19985
1.02367
0.971295
1.29364
0.88696
1.25177
1.20815
0.94973
1.14981
0.665643
0.861727
1.13828
1.00143
0.94854
0.849008
0.993127
1.28389
1.00985
1.0203
0.889555
1.20048
1.01648
0.801177
1.27317
1.00943
1.09561
0.848257
1.07186
1.03812
1.28972
0.734532
1.11879
1.33177
0.779573
1.0123
1.03492
0.72676
0.93175
1.12845
1.00594
1.43495
1.13213
0.920675
1.0186
1.2343
1.01631
1.08711
1.10989
1.17772
1.05814
0.970218
0.922413
1.09169
0.952362
0.90512
0.86431
1.22768
0.95959
1.18346
0.536212
0.933575
1.06476
0.905507
1.12521
1.03528
1.0025
0.828093
1.10732
0.955907
0.720127
0.852168
0.99211
1.27024
1.04927
0.867668
1.25335
1.16887
1.22141
0.834427
1.13266
1.16548
1.07849
0.676825
0.989283
0.97623
1.26323
1.23537
0.958768
1.11213
1.09011
1.04102
1.04153
1.09202
0.706673
0.726728
0.947265
1.22247
0.99567
0.898088
1.12072
0.958272
0.95284
0.771822
0.793577
0.808333
0.92127
0.83859
0.790118
1.17503
0.927522
0.984888
0.997678
0.799612
0.977058
1.11862
0.970552
1.24477
1.01889
0.917293
1.32076
0.906277
1.18744
1.09178
0.912033
1.25286
0.870383
1.25745
0.839225
0.978852
1.11272
0.977257
1.17352
1.0245
1.2041
1.30081
1.04557
1.1486
0.913342
0.94893
1.01666
1.27411
1.17398
1.17699
1.24609
1.23459
0.826475
0.878813
0.90732
1.03936
1.13318
0.67567
1.12867
0.75151
1.00098
1.15397
0.971197
1.12946
1.11348
0.891692
0.988882
1.30344
1.31956
1.03969
1.00289
1.18067
0.899042
1.13739
1.23393
1.16228
0.775752
1.36509
0.806728
0.979618
0.938508
1.14281
0.94863
1.06178
1.14852
1.21312
0.692092
0.871152
1.14032
0.90999
0.856965
1.1395
1.12411
1.08893
1.09434
0.944188
1.20914
1.12002
0.989812
0.828318
1.09016
1.05031
1.02434
1.00456
1.22781
0.830993
1.05125
0.746107
1.22187
0.877145
0.756638
1.06756
0.954865
1.0965
0.948338
0.827507
1.0348
0.893812
1.06861
0.93815
1.5024
1.38401
1.2847
1.23238
0.92929
1.02298
0.90913
1.3025
1.00295
0.872372
0.773027
0.931773
1.16785
1.14983
1.22936
0.978832
1.25225
1.07059
1.05691
0.900087
0.90479
0.992193
1.15462
0.894358
1.23701
1.03803
1.06655
1.04518
1.08085
0.741742
1.00884
1.22295
1.07939
0.922352
0.796918
0.82029
1.16699
0.959762
0.806923
0.75138
0.784868
0.950227
0.79318
1.0328
1.19162
1.23799
1.06276
0.8032
1.05594
1.25118
0.811882
1.13944
1.12262
0.806115
1.13813
0.976308
0.838345
0.92666
0.97158
0.887695
1.0124
1.2391
0.920305
0.772307
1.23246
1.17408
1.2337
0.868532
0.963233
0.84201
0.876753
0.844097
1.15358
1.04469
1.30911
1.077
0.90437
0.98175
1.0887
0.937993
0.6073
1.08998
1.11495
1.11447
1.09604
1.23224
1.067
0.710295
0.904355
1.15332
0.98958
1.02358
0.818633
0.971877
1.21762
1.08633
0.670815
1.00151
1.11731
0.75849
0.94212
1.20578
1.27421
1.06855
0.705575
1.01107
0.981538
0.988962
0.694928
0.936683
0.9579
1.16445
0.839988
0.866545
1.40591
1.11729
0.826417
1.27537
1.06426
0.718398
1.05164
0.867763
1.12953
1.00936
1.09175
1.16948
1.25723
0.737738
0.862985
0.957617
1.14597
1.25828
1.12332
0.939248
0.699773
0.896483
1.14736
0.958183
1.08434
0.717887
1.08324
0.724087
1.11508
0.79211
1.17322
0.964713
0.795683
0.844515
1.07599
1.33576
0.674938
1.24666
1.01384
1.00976
1.14984
1.25064
0.81965
0.854953
0.820702
1.07786
0.942572
1.10424
1.04849
0.856518
1.27997
1.17577
1.02093
0.912925
1.0093
0.932085
1.33314
1.04716
0.874083
0.981507
0.723328
0.66785
0.823113
0.939803
0.857918
1.34125
0.79545
1.04979
0.793162
0.899883
0.972097
1.0022
0.94849
1.11098
1.05282
1.013
1.20609
1.17994
1.04531
1.04886
1.05571
0.897643
1.13796
1.23962
0.807485
1.24292
0.772603
1.14163
0.798637
0.868893
0.94997
0.915058
1.02616
1.32154
1.01845
1.01359
1.08049
1.03075
0.90929
1.16481
1.04656
0.951107
1.21248
0.903502
1.23664
0.731463
1.01211
0.896075
1.00158
0.835178
0.97798
1.16044
1.17725
0.941598
1.13242
1.11766
1.24372
1.28974
0.629455
1.04782
0.720708
0.685463
0.99161
1.24092
0.847722
0.848375
0.70356
0.885952
1.11116
0.987815
1.20185
1.06254
1.11752
1.21371
0.999657
0.777042
1.11063
1.02675
0.711178
1.14799
0.995457
0.98427
0.920537
0.790312
0.992768
1.10758
0.930822
1.23467
1.04202
0.8292
0.957138
0.948077
1.1916
1.15876
1.14812
1.04288
0.877392
0.8694
0.835495
1.01003
1.11225
0.850782
1.11214
0.923863
0.951598
0.97972
0.75368
0.850385
0.948297
0.85521
1.12591
0.835973
1.02491
1.20658
1.33392
0.942245
0.817163
1.03309
0.751555
0.83527
1.11977
1.0242
0.729553
0.908062
1.09403
1.1167
0.863977
1.3119
0.75379
1.18222
1.33824
0.852673
0.867525
1.31344
1.14583
0.712725
1.26267
0.958273
1.02857
0.945683
1.18977
1.11601
0.777055
0.965958
0.880268
0.773278
1.20549
0.834203
1.03455
0.91052
1.22076
1.00297
1.00283
1.01077
1.05931
0.933112
0.762492
0.6908
1.03574
0.725453
1.18066
1.09367
1.39868
0.774938
0.758743
1.16558
1.16968
1.23562
0.934615
1.40373
1.05305
1.03871
0.757042
0.915013
0.777303
0.980042
1.34334
1.10104
1.03808
0.833287
0.960708
0.82535
0.939915
1.2531
0.885653
0.97143
0.997437
1.23201
0.898468
1.00973
1.07009
1.15461
1.09766
1.12491
1.3736
1.18352
1.00165
0.839705
0.829877
1.03332
0.970267
0.737958
0.754328
1.22223
0.976358
1.09067
1.10921
0.979148
1.09464
1.07949
0.97385
1.33544
0.89536
0.984837
0.718178
0.965515
1.03618
0.92012
1.38554
1.03114
1.1411
1.1823
0.883368
0.863873
1.29415
1.02778
1.14123
0.800155
1.1798
0.985253
0.988588
0.902142
1.2565
1.03639
0.594218
0.943348
1.14605
0.869677
0.988823
1.08367
0.998422
0.968237
1.16211
1.05934
0.77546
0.972612
0.594657
1.01266
0.781727
0.806615
0.936502
0.852227
0.943397
0.94452
1.20329
1.16561
1.11888
1.01248
0.820383
0.650322
0.60795
1.19925
0.836643
0.97858
1.05096
0.783747
1.02359
0.853582
1.05512
0.986235
1.07528
1.21976
0.901657
0.86081
1.01976
0.946887
1.0388
0.867437
1.10528
1.21365
0.799657
1.10713
1.16595
0.969505
1.13648
0.824622
0.887282
1.25923
0.689967
1.16861
0.901158
1.02156
0.769437
0.992468
1.14585
1.19051
0.8969
1.50461
0.951695
0.948152
0.711285
0.850947
1.21089
0.885173
0.893878
1.0771
1.14461
0.823948
0.858887
1.05193
0.879073
0.673812
0.907308
0.881422
1.04708
0.81891
0.763327
1.19996
1.104
1.03675
0.609055
0.784898
1.20498
0.917787
0.885013
1.05527
0.944757
0.928087
1.01209
1.03421
0.945615
0.925607
1.03365
1.0106
1.05825
1.23324
0.711695
0.872552
1.17501
1.03913
1.18043
0.996295
1.00946
1.20584
1.11857
0.92598
0.624938
1.09656
0.924142
1.08651
1.07652
0.736132
1.09536
1.18969
1.05219
1.00712
1.12919
1.3641
1.09142
1.10796
1.00701
1.20967
1.20371
1.15978
1.12372
0.84412
0.942777
0.847397
0.936185
0.87469
0.953103
0.963875
1.03386
1.17289
1.21438
1.28756
1.16789
1.0183
1.15402
1.07562
0.855378
1.14434
1.06043
1.17323
0.757515
0.919993
0.826265
0.827555
0.937398
0.656827
1.09914
0.937485
1.35036
1.23295
0.714178
1.20387
0.835275
0.977493
1.20936
1.13959
0.856913
1.09905
0.920448
1.12307
1.17773
0.928247
1.07883
0.826245
0.895867
1.16082
0.887383
1.04355
0.9128
1.0384
1.09107
1.04571
1.00065
1.28419
1.13739
0.95907
1.13525
0.898248
1.35189
0.88662
1.00653
1.1542
1.12874
1.40512
0.74184
0.882102
1.03215
1.10034
0.852337
0.934102
1.11184
0.981327
0.850863
1.03146
0.877025
0.80455
0.828503
0.977953
0.917615
1.2043
1.20877
0.908832
0.912922
0.972665
0.957758
1.11921
1.09765
0.809092
0.95388
1.27022
0.973152
1.10886
0.746545
0.879438
1.34354
0.79393
1.18444
1.20291
1.03782
1.12755
1.22952
1.16599
0.915697
0.89455
1.17007
0.920648
1.02232
1.02482
0.81823
0.94625
0.963127
1.08158
0.760517
0.863765
0.94386
1.2384
1.02913
0.81211
1.39365
0.941797
0.701905
1.04508
0.966817
0.767537
0.78031
0.916042
1.08326
0.891477
0.919587
0.985872
1.01806
0.993298
1.28292
1.25974
0.999267
1.19057
1.31385
1.15778
1.04879
1.05756
1.36145
1.11334
0.77336
0.838333
0.617978
0.781992
0.968825
0.890568
1.08761
0.86994
0.869293
1.27933
1.1428
0.529247
0.993688
0.856465
1.0222
0.875223
0.710435
1.19543
0.887057
1.07825
0.995442
1.03866
0.673208
0.889848
0.93636
0.633215
0.899415
1.17564
0.993763
1.14453
1.14519
1.06425
1.15833
0.979072
0.916947
1.06523
1.00648
1.1625
0.975783
0.62985
1.08779
1.03912
1.02176
1.03649
0.993323
0.9115
0.842343
1.05676
1.03015
0.83686
1.1781
0.767973
1.10291
1.04452
1.07296
1.04852
1.07697
0.768643
0.910147
1.28333
1.15855
0.891467
0.966423
0.877565
1.17738
0.861272
1.02308
0.757083
1.04132
1.06997
0.93623
1.17274
0.876578
1.30098
1.19404
0.921787
0.915173
1.28365
1.23455
1.30148
0.89673
0.918598
1.18189
1.00907
0.849232
0.948652
0.941812
1.08221
0.950292
1.03641
0.892668
1.05105
0.981345
0.986468
1.11996
1.02103
1.04953
1.03751
0.870392
0.984368
0.640257
1.17804
0.966895
1.15261
1.21027
0.971115
0.793997
0.714027
0.960072
1.0617
1.22034
0.86716
1.0129
0.882457
0.866442
1.1758
0.917968
1.16869
0.761582
1.16232
0.880215
0.99914
1.00154
1.29068
0.935708
0.917963
0.806218
1.13279
0.624862
0.980452
1.23384
1.0999
1.08972
0.971433
0.807385
1.00286
1.18935
1.28494
0.928008
0.929948
1.14727
0.786195
0.862483
1.08053
1.19091
0.961688
0.748595
0.791688
0.79322
0.979737
1.13059
0.980887
0.989987
1.15102
0.870597
1.18712
0.961423
1.04455
0.962695
1.12902
0.852658
0.904347
1.16324
0.988647
0.72292
0.65948
1.09587
0.793355
1.17512
1.05512
1.04792
1.15215
1.02684
1.09947
0.886102
1.01956
0.648627
1.09367
1.2089
0.983548
0.762797
0.705448
1.05782
1.30141
0.736915
0.984675
0.804573
1.03771
0.794763
1.08092
0.825315
0.875497
1.20775
1.21985
1.16957
1.13215
1.15697
1.22152
1.10305
1.38293
0.845363
0.909672
0.773535
0.747137
0.768788
0.948167
0.949913
0.985552
1.06831
0.93754
1.0872
1.09494
0.877803
1.24652
1.08749
0.69237
1.01473
1.0098
1.06676
0.97112
1.06014
1.10697
0.894257
0.822102
0.921032
1.21993
0.79107
0.949433
1.14945
0.75804
0.869718
0.88419
0.932657
1.3253
0.763003
0.969662
1.29607
0.811273
0.801165
1.41973
1.00244
0.85049
1.0536
1.01938
1.00053
1.21295
0.939473
0.868325
0.937897
0.735373
0.836248
0.912795
1.08053
0.860767
1.31341
0.6839
1.23886
1.13223
0.986047
1.07398
1.28934
0.83065
1.1737
0.91942
1.59362
0.972113
1.24713
0.887407
0.964155
0.970262
0.807347
0.659367
1.03045
1.13917
0.974253
1.12541
1.12426
0.90857
1.27286
1.01036
1.00431
0.854122
1.00653
0.890073
0.975442
0.812517
0.937628
0.987872
1.05676
0.948215
0.901602
0.988965
0.948942
1.08932
0.81226
0.90068
1.05088
1.02918
0.716348
1.21085
1.02699
1.00687
1.23366
1.0383
0.962622
0.84453
0.803852
0.933435
0.993737
1.01904
0.802877
1.02939
1.25392
1.25312
1.16187
1.01641
1.11245
1.05007
1.02189
0.866527
1.09717
0.945245
1.40395
1.409
0.859325
1.1052
0.951472
1.05328
1.47585
1.04682
0.818898
1.07308
0.555093
0.909768
0.957445
0.940048
0.813927
0.916495
0.905488
1.19897
1.03571
0.718883
1.17827
1.4954
1.01258
0.807492
0.985868
0.6818
1.14524
0.839557
0.819128
0.819012
1.17645
1.28278
0.767268
0.692365
0.96562
1.13838
0.9076
1.13056
1.30793
0.858818
0.99217
0.887538
1.05229
0.791982
0.833637
1.02141
0.959295
1.27327
1.04665
0.789237
0.751057
1.05091
1.29425
1.18257
1.23708
1.33631
0.993658
0.992205
1.27141
1.12321
0.714653
1.21458
1.27499
0.957952
1.30107
0.8597
1.05826
1.10741
1.08665
1.03618
1.05265
0.786892
0.799017
0.925625
1.13447
1.32185
1.30402
1.02269
1.0297
0.709347
0.920055
0.881815
1.06061
0.985873
1.45823
1.10275
1.11245
1.11189
1.04781
1.20731
1.17915
0.931758
1.1247
0.947377
0.848517
0.930752
1.07915
0.606092
0.797613
0.6466
1.21988
0.921905
0.88115
1.01968
0.909813
1.13268
1.15262
1.03084
1.01212
1.03283
0.897983
1.17778
0.874602
0.734277
1.20634
1.16701
1.03215
1.04192
0.86624
1.20546
0.940843
1.05419
0.981582
0.907095
0.982678
0.997412
1.01687
1.22351
1.06601
0.739307
0.934467
0.957773
0.924335
1.28346
0.872555
0.867338
1.23215
0.968937
1.07297
0.951373
0.594642
0.616987
1.01936
1.11365
0.71576
1.27794
1.16143
0.92749
1.07648
0.953583
0.851918
1.18699
0.924718
1.1074
0.937503
1.03558
1.40263
0.625733
1.12694
1.03641
0.866322
0.973097
1.00436
0.707127
0.88365
1.24889
1.1363
0.98351
1.05803
0.76432
0.83228
1.21167
1.10005
1.24885
0.939613
1.02473
0.729183
1.0465
1.07049
0.843247
1.02274
0.83477
0.978335
1.47314
0.785775
0.933552
0.962067
1.0208
0.934415
0.980163
0.81149
0.821125
1.07105
1.08666
0.680453
0.994457
0.978952
1.08646
1.0587
0.883123
1.03349
1.07608
0.941435
1.09196
1.18211
0.86628
0.97005
1.11096
1.10657
1.04058
1.00893
0.813787
0.83463
0.6325
1.00554
0.816522
1.02541
0.821165
0.952495
0.8634
1.14054
1.05017
0.895485
1.03304
1.03461
1.21469
1.12829
0.827475
0.990292
1.01761
0.957728
0.81442
1.20818
0.842337
0.952992
1.09394
0.83527
0.94969
1.02614
1.14786
0.976425
0.820847
1.24092
0.847257
0.69935
0.928122
0.76542
0.964117
0.927077
1.38306
0.871857
0.868497
0.905557
1.11197
1.11654
1.14367
0.985863
1.04853
1.09537
0.875437
1.03636
0.702528
0.989853
0.95196
0.929245
0.938828
0.971198
0.8588
0.816062
1.01684
1.12575
0.938948
1.04266
0.734777
1.09953
1.20949
1.24977
0.972492
1.12741
0.846205
0.859107
1.13767
0.808495
0.865877
1.00069
0.817533
0.804787
1.31837
0.960955
1.31809
0.882807
0.95766
1.22126
0.977747
0.792187
0.985747
0.995067
1.06793
0.920558
1.04371
0.915072
1.3823
1.09277
1.09035
1.14033
0.977633
0.850128
1.18832
0.96118
1.05198
1.24959
1.04222
1.01407
1.09361
1.06449
1.12433
0.788387
1.25389
1.0484
1.19498
0.998117
0.981998
1.24901
1.26072
1.11265
1.08697
0.830893
0.928258
1.2646
0.994667
0.992408
0.825413
0.938247
0.984158
0.866845
0.795558
1.1959
1.15292
1.08925
0.790655
1.08074
0.624143
1.01786
1.10012
0.835552
0.92142
1.05395
0.855213
0.807337
1.17281
1.15614
1.19955
0.890317
1.32955
1.22785
0.981283
0.9463
0.761652
1.08976
0.640577
1.10626
1.08113
0.784023
1.23461
0.880385
0.790898
1.07497
0.831532
0.885953
0.86904
1.12546
0.93546
1.18864
1.07057
0.721952
0.771248
1.10851
1.15495
1.03383
0.882285
0.921
1.02362
1.08676
0.911697
0.960463
1.04143
1.11648
0.866712
0.726383
0.936315
0.964265
1.05959
0.709983
1.01588
0.919642
1.0693
1.06531
0.73354
1.1201
0.721857
0.66149
1.11358
1.04406
0.660043
1.11878
1.15197
1.02446
0.700025
0.819802
0.945978
0.861673
1.13191
0.59143
1.0063
1.23654
1.12873
1.14449
1.19224
0.856547
1.1279
1.13629
1.07659
1.0774
0.976522
1.02271
0.800557
0.854052
0.85742
0.759118
1.0659
0.830837
1.07754
0.98182
0.747405
1.33382
0.898863
1.01975
0.969848
0.897165
0.729353
0.652375
1.20565
1.17682
1.20333
0.896917
0.898462
0.844835
0.955482
0.748318
1.21798
1.13355
0.750747
1.18697
1.05863
1.32824
0.819787
0.962468
0.987552
0.895115
1.03151
1.28587
1.00814
1.0195
0.996985
0.894078
1.11001
1.04512
0.957568
1.10937
0.79907
1.35335
1.02399
0.937808
0.97577
1.05287
1.08457
0.691713
1.11875
1.04053
0.879445
1.12295
0.78678
0.957333
0.976048
1.08239
1.22396
1.09606
1.21872
1.15466
1.10842
0.817303
0.894033
1.32203
1.07969
1.00762
1.04342
1.07199
0.831508
1.03238
1.10117
1.18015
0.80634
1.11456
1.18357
0.899078
1.17015
1.01008
1.35645
0.951795
1.06506
0.928107
0.996715
1.20655
1.17585
1.13894
1.27515
1.05854
0.932515
0.80556
1.25977
1.21844
1.08077
0.810875
0.873873
1.25084
0.802302
0.917955
1.28924
0.915712
0.901642
0.862702
0.920728
1.14382
1.06876
0.931308
0.948852
1.10523
0.868377
1.08641
1.01543
0.937532
1.29806
0.974685
0.90461
0.667603
1.20486
1.0241
1.04119
0.902877
0.95847
1.22813
1.03634
0.742135
0.953415
0.926057
0.897923
0.979012
1.15207
0.860063
1.08896
0.786315
1.14297
0.978273
1.01261
1.15412
0.853957
1.08152
0.92844
0.777958
1.24426
1.10945
0.992853
1.19011
1.06248
0.92806
1.18916
0.960872
1.0204
0.72392
1.07379
1.21594
1.04931
0.791733
1.06831
1.21277
1.08424
1.20964
1.20751
1.10642
1.11266
0.68552
1.02791
0.919818
1.03673
1.10466
1.14818
1.19957
1.24601
0.97262
1.21368
0.719878
1.14842
1.01282
1.06076
1.0582
0.95736
0.962845
1.07073
0.860268
0.962293
1.06986
1.24718
0.836065
0.96514
0.9909
1.42202
0.845147
1.19165
1.08371
1.17203
1.23532
1.19471
1.00618
1.0079
0.86695
0.784952
1.1619
0.822027
1.03479
1.0716
0.83242
0.642382
1.08668
0.969993
1.09743
0.90366
0.761712
0.968435
1.21835
1.14187
0.849927
1.12312
1.08117
1.06287
1.32897
0.961062
1.03562
0.888163
0.813622
1.39508
1.33425
1.22174
0.95068
1.15525
0.778193
1.27489
0.964943
0.978157
0.957115
0.888603
1.08041
0.89918
1.03087
0.878998
0.646137
1.0116
1.11925
0.881725
1.09985
0.990255
1.15264
0.648795
1.09927
1.26734
0.934938
0.88499
1.17079
0.92088
1.03192
1.04846
1.04018
1.09885
1.09431
0.961718
1.06754
1.46937
1.10742
1.15759
1.06708
0.624072
0.891028
1.20437
0.835423
1.03169
0.864058
1.21433
1.16024
1.11365
0.932665
0.748243
1.11197
1.1834
0.939423
0.921498
0.781388
1.09339
0.942133
0.818445
1.29017
1.02075
0.809637
0.899658
1.01972
0.919848
0.910895
1.27484
1.21574
0.87955
1.05961
1.10193
0.969227
1.02035
0.740833
1.00986
1.00585
1.23024
0.84749
0.885172
0.989687
0.895008
0.918835
0.852873
0.844963
1.22812
1.04239
1.47525
1.14432
0.821298
1.23975
0.950682
0.936858
1.07512
0.796902
0.91009
1.06026
0.72018
0.830433
1.09237
1.02199
1.13041
1.18694
1.07313
0.870468
0.924002
1.22058
0.855017
0.965505
1.03384
0.789443
1.17498
1.02175
1.10534
0.882627
1.03454
1.0038
1.05439
0.95736
1.19678
0.895705
0.876038
0.997572
1.20422
1.16393
1.05163
1.01565
0.974413
1.05336
0.980007
1.19263
0.943832
0.945543
1.13542
1.18529
1.09893
1.12426
1.02287
0.94068
0.815003
1.08086
0.971748
0.967627
1.16929
1.47177
0.758908
1.30327
1.053
1.01123
0.994677
0.752167
1.01902
0.463033
1.09613
0.904183
1.0291
0.935843
1.15948
1.08497
0.823898
0.97919
1.35498
0.960182
0.951503
1.26257
1.0188
0.680628
0.852493
0.770328
1.12748
0.924145
0.904242
0.806962
1.22993
0.696302
1.20127
0.679357
0.91942
1.27952
0.875808
0.999107
1.08954
0.885045
0.643518
1.02473
0.764495
1.21693
1.42042
0.778993
0.839485
0.852317
1.21514
1.11156
0.97297
1.19664
1.07044
1.07197
1.08837
0.768673
1.19844
1.30294
0.945032
0.785065
0.971215
0.918645
0.779368
0.690193
0.886392
1.3087
1.11167
1.21908
1.21875
1.09976
1.06508
0.672128
0.91456
1.17922
1.20777
0.765475
0.974137
0.990007
0.944438
1.07456
0.716238
1.11653
0.993513
1.06886
0.843147
0.818042
0.709422
1.26443
0.984247
1.06526
0.932117
0.837883
1.08072
0.86756
1.00739
1.0535
0.880725
0.782288
1.39954
1.11171
0.94109
0.861093
1.11052
0.712882
1.06172
1.23312
0.961952
1.05764
0.719017
0.974383
1.34945
1.17105
1.17791
1.06801
1.23104
1.17216
1.04854
1.18257
1.25015
1.17275
1.21149
1.32774
0.856498
0.88331
1.03717
0.92658
1.40234
0.970517
1.19717
1.07262
1.01733
0.881878
0.825017
0.992718
1.11599
1.12518
1.04657
0.992602
1.01095
0.83386
0.961398
1.03052
1.17046
0.87077
1.01999
1.06489
0.676133
0.977288
1.02781
0.983757
1.01354
0.869788
0.916568
0.903303
1.15065
1.23983
0.857357
1.16131
1.18852
0.808495
0.981632
0.915287
1.1816
1.01184
0.868298
1.05391
1.07927
1.12428
0.846215
1.01791
0.988922
1.13988
0.869223
1.30557
0.888822
1.28434
1.25747
0.955177
0.688027
1.12749
0.866415
0.836373
0.956148
0.826077
1.03674
1.06542
1.07177
1.02059
0.931045
1.31907
1.07436
1.09159
1.07933
0.701625
1.13216
1.07599
0.882443
1.13533
1.09742
1.16778
1.02081
0.898677
0.972683
0.921142
1.03944
0.732582
0.857415
1.14797
1.05719
1.16415
1.28882
0.975592
0.830143
0.90728
0.79866
0.829752
1.18306
1.19173
0.757082
0.852063
1.09809
1.03266
1.13965
0.781493
0.86949
0.905935
1.0986
0.807478
0.9905
1.01591
1.1405
1.05902
1.21011
0.902172
1.00637
0.866013
1.12567
1.00679
1.04151
1.12787
1.28412
1.00546
1.11706
1.00134
1.19458
1.07861
0.869275
0.733695
1.00547
1.1333
0.895665
1.28785
0.622893
1.0193
0.94778
1.08923
0.975788
1.00866
0.920002
0.976472
1.03171
0.81336
0.965833
0.992762
0.822873
1.07392
1.03951
1.08688
1.04611
1.16962
0.880732
0.946653
0.852098
0.694703
0.976882
0.917777
0.972015
1.02609
1.23109
0.920992
1.0112
0.562635
1.02882
1.01277
0.991453
0.93844
0.916863
1.13462
0.79412
1.06817
1.05724
0.952538
1.24408
1.13633
0.770087
1.21586
0.86376
1.05935
0.873978
0.96503
0.769023
0.937932
1.13407
1.1487
1.14016
1.02044
1.19474
1.19408
1.12425
0.898925
1.00773
0.773547
0.776757
1.04887
0.931313
0.666948
0.82022
0.902027
1.08072
1.14385
1.28165
0.856623
0.857625
0.980958
0.747927
0.828945
0.938917
1.0172
0.915562
0.793423
0.98505
0.938188
1.14906
0.705003
0.995162
1.15461
0.899038
0.857477
0.890578
1.0208
1.20231
0.754228
0.943015
0.861555
0.921178
1.17633
0.93883
1.15295
1.2514
0.900458
0.895252
0.845695
1.2116
1.32001
1.15546
0.666425
1.01025
0.98948
1.20119
0.958375
1.08234
1.44853
1.10364
0.993062
0.986918
0.797492
0.807063
1.38868
0.964012
0.881147
1.20167
0.904293
0.786688
0.971672
0.91867
1.26873
0.965858
1.26784
0.658112
1.09107
0.914435
0.745628
1.15955
0.974567
0.78721
0.737298
0.946827
1.25697
0.987445
1.09101
0.882855
1.04632
0.83402
1.04005
1.07306
0.897323
1.08402
1.028
0.885665
1.09119
0.795108
0.77656
0.99013
0.93078
1.07243
0.965022
0.994033
1.03111
0.865583
0.959602
1.21832
1.24401
0.780685
1.09083
1.20232
0.825667
1.29058
0.857787
1.15563
1.1114
1.14431
0.639627
0.87087
0.885458
1.10956
1.05361
1.0902
0.857292
1.10131
1.14207
1.2293
1.16974
1.36271
0.791477
1.11552
0.818173
0.982207
0.804348
1.04804
1.12455
0.776168
0.960413
1.30965
0.69837
0.932207
1.16229
0.862762
1.20343
0.878088
0.881505
0.928917
1.32426
1.02648
0.902385
1.43833
0.666522
1.00738
0.866628
0.805807
1.26219
0.847103
1.4162
1.05433
1.13313
1.27875
0.998748
1.07603
1.3115
1.12802
1.16277
1.01673
1.0912
0.849435
0.80806
1.21587
1.20504
1.4135
0.938733
1.28339
0.761003
1.00924
0.982922
0.94821
1.19313
1.38505
0.912018
1.08526
0.859267
1.20981
1.06079
0.977195
1.21542
0.765993
0.70818
1.14546
1.0357
0.646405
0.898432
0.769132
1.09959
0.868423
1.22212
1.27425
0.734947
0.731783
1.19424
1.13657
0.82086
0.972118
0.976188
1.0542
1.17792
1.0974
1.07984
0.884747
1.00138
1.02406
0.826498
0.913818
1.19926
0.41726
1.01438
1.14852
1.21065
0.902138
1.09346
1.19742
1.01725
1.22419
0.794353
0.916983
0.962238
0.923888
0.953365
1.22821
1.12391
1.11618
0.967433
0.681717
1.06163
1.13266
1.09516
0.949423
1.14818
1.10527
1.04941
0.884028
0.669185
1.09509
0.824065
1.11794
0.964702
1.22477
0.646242
0.747268
1.06564
1.29373
0.883443
1.0373
0.968093
1.02921
0.797253
1.09057
1.19689
1.19456
1.01109
0.5845
0.989603
0.703603
0.958492
1.05828
1.0438
0.63157
0.884765
0.703697
1.09975
1.31952
1.2095
0.921823
0.908953
1.13287
1.05327
0.812793
1.18327
1.17981
0.756373
0.783502
0.942093
1.03852
1.23254
0.925672
0.90177
0.768202
0.923345
0.892697
0.880465
0.879925
0.947913
1.00908
1.13946
0.931938
1.00152
1.10144
0.750037
0.83321
1.30183
0.988158
1.18264
1.08732
1.2263
1.11527
1.014
1.09519
1.0544
0.87528
1.28867
1.11839
0.96058
0.873305
0.877175
0.770065
1.04056
0.941537
0.981167
1.15772
1.12049
0.937513
0.91177
0.875805
1.08716
0.780978
0.995042
0.854582
0.955448
1.12294
1.13083
0.993603
0.949338
0.996347
1.29522
0.717532
1.2176
0.855668
0.956813
0.954228
1.02504
1.17753
1.09934
0.902412
1.13927
1.21821
0.852453
0.673148
1.04938
0.921535
1.18512
0.987448
1.11262
1.04672
1.12011
1.10879
1.04945
1.06887
0.779607
1.06947
0.903982
1.09028
0.906585
0.728407
1.12025
0.990037
1.13002
1.14299
1.05667
1.10072
0.824475
1.06754
0.993292
0.965155
1.14529
1.06166
1.10711
0.612892
0.77933
0.927898
0.606065
1.04677
0.974253
1.01778
0.829525
1.02611
0.83036
1.08865
0.915608
1.34661
1.07771
1.03485
0.988615
0.874333
0.84894
0.73811
1.12575
0.895385
0.737773
0.862568
1.36065
0.949973
0.993565
1.07021
1.29184
1.06472
1.24128
1.04339
1.14957
0.781307
0.79209
0.658738
1.28186
0.801262
1.1446
0.715863
1.27252
0.871567
1.17515
1.03507
0.823532
0.936518
1.26055
0.86309
1.0282
0.968903
0.84474
0.980873
0.850308
0.927312
1.35581
1.0726
0.748685
0.975285
1.05512
0.659882
0.934203
1.24258
0.85891
1.11916
0.930067
0.902522
0.851373
1.00704
0.976597
1.07217
1.21769
0.872627
1.0129
0.867893
1.14681
0.896785
1.07817
0.54362
1.08813
0.957285
0.89388
0.871607
1.06949
1.12612
0.766015
1.09165
1.03032
0.989913
1.10988
1.14228
0.961638
0.981202
1.15276
1.15597
0.962692
1.07315
0.990483
0.843763
1.43117
0.977705
1.18143
0.73007
1.07621
1.14091
0.83322
0.852787
0.682647
0.93003
0.833867
0.76837
0.795662
0.970007
1.00752
0.9772
1.07147
1.24313
1.26403
1.00771
0.937998
1.02252
1.04841
1.07006
0.87045
0.930732
0.882703
1.34206
0.984443
1.30684
1.13629
1.00096
0.839247
1.02013
0.71004
0.789563
0.920425
1.14029
1.32711
0.987028
1.01462
1.15161
1.34561
1.53402
1.004
1.11588
1.09439
0.764172
1.14448
0.901905
1.04826
0.911173
1.07374
0.86201
0.860268
0.848237
0.808547
0.917862
0.806097
0.693885
0.796293
0.666735
1.04588
0.82254
0.755767
1.12194
1.06922
1.09889
1.18614
0.926775
1.12987
0.79831
0.940148
1.16179
0.865263
1.11422
0.995728
0.988577
1.10841
0.831955
0.979892
1.20542
1.02079
0.938603
0.915808
1.02155
0.943985
1.06682
0.985707
1.00279
0.997997
1.02115
0.879112
0.862002
1.1548
0.951982
1.15314
0.67636
0.738885
0.905177
1.29033
0.952125
1.25874
1.0008
1.28587
0.834735
1.04151
1.00189
1.0406
1.15754
1.37133
0.9908
0.851568
1.16915
1.12399
1.05307
0.88222
0.901647
1.01962
1.0589
0.975063
0.943875
1.05392
0.994275
0.845945
0.819037
1.23321
0.762855
1.15699
1.25054
0.822932
0.888523
0.980987
0.906595
0.854277
0.910462
0.961763
1.02609
0.837627
1.04341
1.02719
0.986663
0.830477
1.0681
1.11922
1.02875
0.655135
0.927047
1.13289
1.29984
0.976163
1.19796
1.08319
0.935467
0.877628
1.30484
0.938232
0.661533
0.716345
1.31459
0.936438
0.738695
1.06043
0.900315
0.83692
1.34769
1.19361
0.957743
1.02401
1.35273
1.08981
1.24294
0.896958
0.85745
0.855662
1.33595
0.715323
0.813723
1.13437
1.27824
0.988338
0.836248
0.858025
0.67891
1.1447
0.993502
0.916877
1.1821
0.853762
0.901107
0.86513
1.10493
0.865402
0.777097
1.06037
1.02482
0.614148
1.03057
0.918703
1.01186
1.14278
0.930023
0.82314
1.01235
0.81018
0.99405
0.737733
0.71643
0.94378
0.968727
0.7652
0.7844
1.08696
0.947392
0.863407
1.14096
0.99421
0.86371
1.15226
0.744298
0.83816
1.04171
1.22969
0.660007
0.953818
1.01953
0.87451
1.02511
0.869215
0.892698
1.00859
0.921563
0.824135
1.14844
0.990115
0.879048
1.29129
0.731622
1.1132
0.71079
0.97718
1.16214
0.94458
1.30674
0.913733
1.36738
1.12233
1.1689
1.16913
0.796022
1.09777
1.07679
0.976067
0.995628
0.958082
1.09824
0.898797
1.10449
0.935387
1.08817
1.35803
0.621652
1.15721
0.99815
0.809382
1.01834
1.11876
0.95974
0.919603
1.0513
1.03474
0.84977
0.848782
0.837175
0.981048
1.20816
0.832127
0.861967
1.01644
1.17084
1.18619
1.1952
0.919617
0.91101
1.03155
0.90569
0.748307
1.36679
1.15851
0.833562
1.16803
1.29917
1.25339
0.876822
0.79583
1.01758
1.04705
0.898105
0.583443
0.80058
0.998327
0.741418
0.875803
1.12436
0.917713
0.936602
1.05932
1.22828
0.914955
0.717315
1.20293
1.13842
0.855327
0.97752
1.10851
1.02401
0.80456
0.96728
1.18031
0.886583
1.0467
1.03668
0.923277
0.819708
0.953953
1.20358
1.02515
0.762273
0.75728
0.807837
0.81198
0.914055
1.0607
0.769233
0.907047
1.30288
0.946382
0.900527
0.825527
1.01499
0.96309
1.15078
0.936337
0.766362
1.24924
1.07717
1.1559
1.11836
0.966085
0.754622
1.00108
0.913838
0.80446
1.26814
0.783227
0.50447
1.11684
1.14355
1.05078
1.25855
1.16144
0.920682
1.0192
0.86959
0.878732
0.800207
0.889022
1.02627
1.04295
0.702022
0.916257
0.963593
0.867823
1.03152
0.849093
1.06276
0.930243
1.11305
0.928325
1.0262
1.14405
1.11445
0.958588
0.809412
0.91408
1.08808
1.23569
0.791685
1.23682
0.802637
0.968025
1.26682
1.32537
0.863108
0.997067
1.083
1.09786
0.65806
1.31046
1.03821
0.920785
1.05484
1.29447
0.891903
0.999268
0.903977
0.963787
0.806478
0.728677
0.66508
1.1043
0.680008
0.976377
1.25499
0.656288
0.870395
1.02865
1.24198
0.977607
1.05552
0.865338
1.09877
0.904945
0.84215
1.10136
0.857232
1.03271
0.901008
1.22405
1.02941
1.00324
0.95734
1.04647
1.39005
1.1501
1.11985
0.917948
1.12674
1.13297
0.982732
0.817817
0.997483
1.1696
1.17747
1.06305
0.901832
1.02069
1.14425
0.818792
1.19626
0.968323
0.974042
1.10035
0.95143
0.930868
0.957377
1.2743
0.879727
1.15379
0.847487
1.16969
1.06355
0.758843
1.18654
0.892867
1.32924
1.08389
0.993937
0.969813
0.686307
1.27963
0.901963
0.89469
1.07504
1.10127
0.922652
1.11995
1.10831
0.92378
1.06175
0.917878
1.02834
1.00804
0.711152
0.860668
0.912393
0.916195
1.01789
1.02376
1.21622
0.792195
0.884017
0.920453
0.56006
1.11632
1.24237
1.07656
1.04387
0.970948
1.19682
0.82113
0.895567
0.901478
1.03261
1.24265
0.770185
1.02978
1.1037
1.01505
1.00141
0.874502
1.27713
1.21332
0.773575
1.1176
0.959367
1.052
1.01234
0.793745
1.1788
0.919693
0.725587
1.13848
0.742292
1.08904
1.32453
1.02185
1.29583
1.12496
0.965465
0.911185
0.68402
0.73537
0.888897
1.16494
0.937408
1.29615
1.04113
0.946162
0.858108
0.733278
1.00481
1.10836
1.05664
1.32069
0.941857
0.982585
0.605872
1.21992
1.02268
0.796587
0.96467
0.738832
0.843183
1.11531
0.944767
1.01774
0.72771
0.953443
0.964553
1.0269
1.06872
0.939688
0.75848
0.96525
0.805615
0.684342
1.13364
1.09761
0.922792
1.08736
0.876438
0.824808
1.08707
0.93361
0.990363
1.28816
0.756482
1.07121
0.94512
1.11828
0.908595
1.07091
0.909563
1.00792
0.702125
1.18413
1.25663
1.09096
0.919145
0.606193
1.06272
1.03385
0.87074
1.12563
1.18034
0.85375
0.623233
1.05892
0.957208
1.24327
0.90941
1.03067
0.870663
1.0997
1.07601
0.884647
0.881113
1.09318
1.22595
0.927085
1.08303
0.944445
1.18004
0.623233
0.92724
1.18409
1.0464
0.961765
1.04634
1.12497
1.02886
1.13467
1.38711
0.949075
1.33818
0.913737
1.04216
0.842925
0.914382
1.22403
1.04465
0.945597
1.34017
0.872853
1.12269
1.1616
1.15837
1.17585
0.868503
0.912757
1.04894
1.02131
0.974848
1.16773
0.986408
1.09834
0.875788
1.16187
1.20594
1.14873
1.06573
0.894377
1.07607
0.94859
1.13544
0.910612
0.622812
0.987112
1.05517
1.03649
1.24774
0.784872
0.707188
1.17821
1.09229
0.93772
0.802198
1.29424
0.926528
0.810783
1.289
1.15916
1.04421
0.910248
0.731843
1.12602
1.02715
0.928743
1.03966
0.990658
1.22108
1.07663
0.686612
1.1339
1.00564
0.825205
1.00417
1.15407
0.740315
1.029
1.17591
1.01983
0.966768
0.834492
1.11163
1.01595
1.02772
0.848388
0.96152
0.747338
0.859345
1.1336
1.12969
1.0391
0.840682
1.04757
1.028
1.19132
0.904408
1.01981
1.04178
1.06197
1.03268
1.15394
0.933418
1.28729
0.913097
0.808853
1.12918
0.747417
0.909558
0.972942
0.793088
0.949175
1.05966
0.858713
1.23819
0.969012
1.13514
1.02478
1.21527
0.974558
0.648633
0.651323
1.12132
0.902567
0.827445
0.821567
0.792077
0.8427
0.988437
0.925292
1.05029
0.793497
1.11212
1.14082
0.633523
1.05278
1.29193
0.46684
1.05245
1.01428
1.47771
0.718713
0.92786
0.747535
1.18045
1.09847
0.960912
0.910013
0.724372
1.21418
1.20129
0.995823
0.932152
0.924845
0.705508
0.85276
1.43449
1.14197
0.888047
0.967398
1.16884
1.026
0.790725
0.849472
1.14583
0.826262
0.904432
1.12652
0.853003
0.86919
1.10585
1.11738
1.04321
0.840117
1.12471
1.07023
0.939665
0.946975
0.911155
1.12044
1.09828
1.17068
1.02739
1.22081
1.10535
1.16403
0.876815
0.920702
1.14406
1.17352
0.886422
1.25518
0.774518
0.9873
0.888968
0.842588
0.86442
0.991497
0.942358
1.07025
0.847388
0.852008
1.05906
1.2626
0.94518
1.13536
1.08625
1.0349
0.883313
0.98689
1.20243
0.936915
0.973232
0.803078
1.20306
1.0773
1.45429
0.953373
1.14426
1.24065
1.15267
0.98632
1.01171
0.977978
0.812698
0.761315
1.06951
0.995873
0.990562
0.886882
0.846485
0.867373
0.886462
0.6915
1.14045
0.83052
0.856258
0.796713
1.28132
1.04483
1.10216
0.886312
0.965927
0.888953
0.948525
0.870157
1.26322
1.19865
0.844105
1.18114
1.16887
0.895027
0.916998
0.881592
1.1315
1.14224
1.02661
0.985683
0.964445
1.20714
1.15208
0.692148
1.33664
0.868475
1.42363
1.12453
1.18411
0.980585
1.03081
0.793788
1.22854
0.877823
0.925092
0.911597
0.87385
1.07341
1.16716
0.815757
0.839575
1.05772
0.893632
1.36242
0.918567
1.0213
0.879843
1.16505
1.1001
0.696925
1.0325
1.08048
1.15503
0.759525
1.03173
0.903193
1.30848
1.06201
0.841158
1.13987
1.14114
0.943478
0.924743
1.34213
0.784565
0.911025
0.919885
1.09292
0.737892
1.01051
1.08429
0.902705
1.44696
0.795205
0.845393
1.25198
1.16041
0.817612
0.983682
1.09061
1.07179
0.962755
1.20351
1.01718
0.891903
1.18627
0.90365
0.956005
1.01705
0.978203
1.13697
1.0877
0.932578
0.996507
0.805302
1.13092
1.23331
1.10908
1.11875
0.846508
1.19734
1.06166
0.916745
0.935353
1.27854
1.21592
0.86594
0.693377
0.899953
0.9975
1.058
0.657537
1.07586
1.11823
1.17578
0.766342
0.829447
0.929542
0.850937
1.14283
0.72953
1.3822
0.720232
0.904645
0.999537
1.14043
0.79266
1.28554
0.933118
0.882698
1.1624
1.25061
0.944553
1.03558
0.955083
1.10958
0.890213
1.10492
1.06265
0.8252
0.98327
1.07857
1.04506
1.23632
1.25853
0.916822
0.801527
0.945805
1.07308
0.774737
0.773417
1.08262
1.03491
0.880232
0.614673
1.01808
1.06299
1.00991
1.25314
0.990745
0.879825
0.998147
1.17466
0.989525
1.08801
1.07296
0.670177
1.11351
1.04722
0.807128
0.923023
0.91685
1.0482
1.16016
1.1175
0.80235
0.876832
0.781485
0.861787
1.10962
1.17641
0.898303
1.10689
0.92955
1.20119
1.15617
0.754415
1.17466
0.956837
1.06442
1.18665
0.904632
1.18333
0.998877
0.819177
1.09798
0.912035
1.00378
0.95065
0.964707
1.05816
0.81603
0.790895
1.10169
0.750745
0.685067
0.788912
0.962227
1.0637
1.25928
1.08354
0.945538
1.35354
1.03561
1.14957
1.14013
1.0581
1.03239
1.08049
0.793827
1.03814
1.02358
0.683043
0.891627
1.21252
0.762563
0.906443
0.861893
0.838282
1.11254
0.972778
0.801875
1.13184
1.18569
0.8125
0.687408
1.2531
1.06427
0.813815
0.908705
1.29184
1.0694
0.799472
0.814595
0.927102
1.06091
0.749307
0.84253
0.949592
1.16963
1.10172
0.98445
0.849767
1.12623
0.898967
1.08659
0.813223
0.936632
0.995553
0.726527
0.84767
0.952463
0.686665
0.786033
0.957912
0.972222
0.899342
0.931317
0.734055
1.00737
0.948303
0.714273
1.23289
1.25883
1.05089
0.9154
0.994282
1.1051
0.906245
0.967203
0.752688
1.2866
0.807495
1.09027
0.993873
1.126
1.20819
0.972727
0.85794
0.790513
0.77704
1.19381
0.754728
0.8611
1.07629
1.01088
0.831408
1.01404
1.06917
1.09073
0.804347
1.36177
0.90183
0.835598
0.907178
0.966388
0.786135
1.05923
1.0581
0.974002
1.29514
1.14332
0.896032
0.956493
0.736788
0.880053
0.88159
0.935608
1.1098
0.866918
1.34905
0.971773
0.841327
1.04117
0.867182
1.199
1.18955
1.02108
1.14291
0.79156
1.03781
0.974745
0.969495
0.938683
0.84558
0.732965
1.00494
1.07697
1.12148
0.919487
1.54053
0.633628
1.28781
1.17739
0.869678
1.00388
1.23193
0.741852
1.27645
1.07576
0.813998
0.888268
0.816668
0.816268
0.94614
0.791153
0.758847
1.17339
0.843297
0.96874
1.09088
0.958773
0.747745
1.21237
0.98964
1.04912
1.1116
1.06951
0.995228
0.702977
0.944785
0.984367
1.06954
1.17697
0.972405
1.07351
1.02834
0.956408
0.698932
1.11063
1.0691
0.8485
0.999682
0.806725
1.06992
0.950073
1.1466
1.12923
0.90879
1.19704
1.07264
0.909945
1.05831
1.04089
1.26358
1.35943
1.01312
1.11048
0.923392
0.86246
0.932173
0.918948
0.842502
1.07467
0.972902
0.721002
1.06021
0.679542
1.09453
1.18181
1.16003
0.872717
0.834748
0.950605
1.0491
0.887498
0.913907
1.16434
1.04468
1.0573
0.922258
0.896753
0.780588
0.79781
1.20725
1.03033
0.959003
0.889873
1.05085
0.985625
0.892697
1.09389
1.28389
1.0101
1.42166
1.24259
1.07099
1.18377
1.03466
1.08224
0.749625
1.12955
0.955228
0.876202
1.29722
1.14589
1.13581
0.840747
1.03942
1.12776
0.93947
1.00017
1.17603
1.16267
0.824823
1.10664
1.40529
0.84443
0.977087
0.938072
0.944815
1.16499
1.21787
0.996783
0.807587
1.04229
1.03929
1.15932
0.91969
1.20605
0.92216
1.09631
0.840723
1.27315
1.06384
1.25985
0.626678
0.948992
0.727287
1.06221
1.07285
1.03062
0.845542
1.09113
1.10736
1.12653
0.901995
0.961505
1.17441
1.03929
1.10935
1.16975
0.740458
1.12042
1.47703
1.08904
1.3367
1.09187
0.964898
1.00954
0.978557
0.934245
0.908392
0.903302
1.20846
0.899808
1.16097
1.03828
0.764197
1.16234
0.92832
0.975853
1.00002
1.12492
1.12068
1.1982
1.07149
1.07309
0.871053
1.08844
0.960908
1.18765
0.886632
0.897207
1.14723
1.21219
0.818512
1.09832
1.16512
0.905412
1.14173
0.851088
0.89459
0.943992
0.74798
1.1596
0.73957
0.933758
1.05105
1.15302
1.31632
1.13107
1.02158
0.900373
1.12386
0.951162
1.24104
0.98886
1.05475
1.09436
0.9085
0.902185
1.08649
1.09461
0.990903
1.19778
0.834055
0.932387
0.936147
1.11704
1.00379
1.05135
1.07833
0.97436
1.08883
1.04353
1.00875
0.819913
0.997055
1.21474
1.18462
1.14149
0.86195
1.16038
1.27333
0.773758
1.01659
1.1373
1.26132
1.17352
0.77923
1.03959
0.939583
0.898215
1.25642
1.19336
0.981688
1.02984
1.0142
1.04099
1.13308
0.99294
1.06867
1.18498
0.830657
0.731353
1.05611
1.0198
1.0771
1.4494
0.94715
0.931743
1.09381
0.747097
1.10373
0.931148
1.1341
0.92066
1.13245
1.13238
0.899362
1.06115
1.03028
0.848025
1.03946
1.04087
0.969532
0.900727
1.14475
0.979623
1.05577
1.18724
0.901368
1.19142
0.983405
0.942628
1.29646
0.894098
0.97027
0.7639
1.32273
0.975628
1.36881
0.865062
0.97353
1.21308
0.958425
0.591978
0.744805
0.993052
0.941967
0.940813
1.16291
1.09885
0.998945
0.866973
1.28769
1.04383
0.973733
1.15151
0.840667
0.93267
1.25888
0.873887
1.16444
0.798278
0.697647
0.578793
1.06391
1.00196
0.842122
1.11513
0.606463
1.0273
0.96813
0.874053
1.00675
0.947463
1.03564
0.882982
0.850972
1.08707
0.737917
1.10184
0.95715
1.09538
1.11383
1.04519
0.756555
0.548862
1.06516
1.09292
0.812438
1.16331
0.937627
1.15054
1.05435
1.10589
1.51663
0.975283
1.17515
1.1994
1.07327
1.05867
0.772845
0.95557
0.921805
1.04935
0.963623
1.05701
1.05944
0.804012
0.947147
0.851862
0.945268
0.928238
1.22576
1.21363
1.09053
1.15108
0.843883
0.88215
1.11704
0.876183
0.839483
0.98166
1.14335
0.988755
0.9934
0.993267
1.05997
0.75908
1.05155
1.11543
1.11768
0.765273
0.989132
0.78098
0.91839
0.654702
0.759148
1.00724
0.93859
0.989717
0.927797
0.87889
1.1938
0.964957
0.957478
0.935257
1.06236
1.10338
1.39663
1.10234
1.22778
1.00624
0.99099
0.61369
1.21379
0.9241
0.956927
1.0647
0.841918
0.920893
1.3114
0.812757
1.31041
0.964413
0.758307
0.954847
1.1316
0.902188
0.874283
1.07081
1.26123
1.27715
1.082
1.1576
0.963753
1.22708
0.919548
1.15083
0.979023
1.11105
0.948632
0.990413
0.592202
0.981463
0.718853
0.816572
0.85641
0.751255
0.848662
0.79308
0.684817
0.892547
0.964638
0.894557
1.0417
1.22905
1.01886
1.03043
1.13563
0.853912
1.05462
0.888773
0.84007
1.0501
0.98596
1.12113
0.8368
1.07798
1.0061
0.790915
0.503045
0.96207
1.1235
1.1645
0.922275
0.923852
0.892565
1.09419
1.13801
0.78836
0.964507
1.19244
1.16033
0.98605
1.12077
1.03396
0.944122
0.93293
1.07798
1.13369
0.904773
0.685888
0.809333
1.0702
0.73661
0.954337
0.910182
0.855433
0.967988
0.907775
0.933017
0.820825
1.05329
1.20198
1.02845
0.874822
0.943682
0.898783
1.10932
1.04011
1.30337
1.02274
1.15284
1.0159
1.23384
1.19126
0.708192
0.97627
1.21519
1.17171
0.821293
1.01792
1.35992
0.804693
1.04104
1.01166
0.97122
0.982968
1.10356
1.0985
0.913805
1.10399
0.985058
0.953437
0.88937
0.738103
0.909245
0.935
1.31261
0.986865
0.923515
0.724403
1.08802
0.840313
1.0067
1.21247
1.18349
1.24664
0.745332
0.804397
0.760293
0.829625
1.33305
0.734803
0.768832
1.10691
0.779792
1.02067
0.83693
1.25119
0.86419
1.1786
0.9722
0.943505
0.900597
1.00362
0.957288
0.777467
1.18373
0.922502
1.06224
0.802477
0.808773
1.08972
0.84365
1.0599
0.89233
1.05801
1.17448
0.658187
0.878522
0.9746
1.10978
1.2895
1.26375
1.26418
1.0623
1.07377
1.25341
0.732792
0.904847
0.62588
0.873835
0.967503
1.04824
0.874553
0.809805
1.10829
1.00784
1.02326
1.10162
0.810963
1.15311
1.03043
0.911055
1.03897
1.2044
1.13326
1.05195
0.967792
0.818267
0.904475
0.993328
1.12204
0.900523
1.13061
1.06347
0.696923
1.01363
0.958758
1.24563
1.04115
1.03465
0.853293
1.04275
0.900475
0.905897
0.944988
1.24124
0.951938
0.796943
0.884563
0.890937
0.761618
0.823423
1.1526
1.13009
0.918853
0.965793
1.17745
0.906998
0.73679
0.880587
1.02671
0.730127
1.06023
0.603788
1.08954
0.9095
1.05908
1.08507
0.99356
0.920022
1.20357
1.19633
1.21986
0.868282
1.1243
1.01266
0.903968
0.85915
0.929025
1.09816
1.02817
1.1313
1.12981
1.14665
0.87518
0.87788
0.902653
0.641098
1.14836
0.889338
1.01607
0.942232
0.869913
0.882458
0.806467
1.10671
0.66951
1.07863
0.734652
0.687463
0.646492
0.938393
1.14917
0.982995
1.08219
0.971897
1.06732
0.686633
1.08176
1.02865
1.21182
1.12162
1.13619
0.98249
1.02397
1.12589
0.958695
1.10266
1.0829
1.11501
0.81958
1.17791
1.00226
1.17696
0.886107
0.916017
0.912333
0.583063
0.85541
1.19691
1.03479
1.06168
0.99614
0.961668
0.955592
0.8859
0.84347
0.975137
1.03509
0.867028
1.06163
1.38603
0.944283
1.16634
0.932373
1.09702
1.48708
1.3707
0.771232
1.10529
0.879015
0.788023
1.23276
1.0272
1.14598
1.10279
1.1221
1.22867
1.15117
0.855582
0.967133
0.985785
1.29384
1.10817
1.23979
0.792135
0.931718
0.454177
0.60716
0.764168
0.603258
1.04477
1.06583
1.09503
1.02253
1.18078
1.39776
0.941555
1.15038
1.03658
1.14356
1.06879
1.17899
1.00214
0.949132
0.935813
1.00832
0.852535
0.948347
1.01041
0.908915
0.773157
0.977987
0.997313
0.749003
1.27778
1.08761
0.965232
0.932542
0.87456
0.770538
1.04296
1.12154
1.05128
1.01519
0.803018
1.17111
0.740417
1.00798
0.9954
0.923557
1.2513
1.49228
1.12017
0.948415
0.743777
0.816645
0.63694
1.05829
0.756938
0.925458
0.79446
1.20394
0.918657
1.01072
1.04327
0.983372
0.895772
1.03699
1.1425
1.30574
0.982158
1.05479
0.906912
1.0654
1.14257
0.939977
0.988095
0.774397
0.933757
0.772767
1.26565
0.862385
1.10328
0.918087
1.08277
1.27191
1.17548
0.933057
1.0855
0.748678
0.880987
0.71785
1.23868
0.997132
0.613897
1.00343
1.22971
0.821338
1.06804
1.02714
1.09808
0.91868
1.29707
1.0715
0.775157
1.07662
0.968165
1.13362
1.05096
0.972727
0.59439
0.557962
0.852598
1.0109
0.821205
1.05854
0.821137
0.875217
0.830407
0.877585
1.12133
1.03525
0.690627
0.957582
1.01354
1.23134
1.0136
0.671358
1.09799
0.930925
1.2858
0.947195
0.96362
0.850252
0.790332
0.916187
0.675747
0.991237
0.937628
0.913575
1.14176
1.08568
1.12047
0.923032
1.08553
1.31581
0.986408
1.10779
0.956717
1.17305
1.01688
0.78115
1.02169
1.03557
1.04707
0.978188
0.986307
0.766572
1.10591
1.00905
0.748667
1.0527
1.17654
0.960085
0.952547
0.874993
1.12282
0.948008
1.22032
0.98095
1.29869
1.12869
0.831293
1.06041
0.837645
1.15579
0.912462
0.839265
1.06731
0.85409
0.792718
1.35331
0.851333
1.11109
0.791415
1.16376
1.12653
0.913575
1.16812
1.0279
0.835977
0.845073
0.985573
0.644855
1.13115
1.26316
0.869095
0.936028
0.982617
0.999505
1.1188
0.848965
1.03882
0.939098
0.897915
1.06127
1.0506
0.963625
0.872927
0.650503
1.20056
1.13689
1.17225
0.736375
1.1763
0.872503
1.24146
1.08772
1.44103
1.10607
0.84282
1.03876
1.27607
1.01499
0.955402
0.476075
1.14855
1.30337
1.31151
1.01391
1.30111
1.08386
0.937663
0.923715
0.692245
0.949083
0.934055
0.967642
0.980503
1.13277
0.969188
1.02353
0.801738
1.08396
0.934443
0.880873
0.910653
0.856042
1.08488
1.35991
0.919082
0.901247
0.992177
1.07352
1.18127
0.967602
1.06
0.92878
1.04554
0.981065
1.08586
0.815182
0.962753
0.970847
0.717925
0.868395
0.744822
1.19635
0.992825
0.951668
1.08357
1.11399
0.730778
0.961425
0.930148
1.29081
1.32386
1.01122
1.22519
1.07452
0.816335
0.997653
0.956392
0.942797
0.896962
1.03334
1.12733
1.03645
1.01914
0.900985
0.709057
1.09795
1.3166
1.07633
1.07605
0.698822
1.00396
0.704175
0.951538
1.02813
0.995087
0.826662
1.0263
1.34923
1.15682
1.24706
0.874745
1.09125
0.715333
0.847582
1.01763
0.756882
1.16369
1.05695
0.763392
0.984603
1.18651
0.940025
0.802672
1.05694
1.13847
1.15773
0.997052
1.03864
1.36064
1.04896
1.07294
1.09047
1.09471
1.10228
1.2082
1.0126
0.94907
0.92622
1.23854
0.723972
0.50561
0.695813
1.06445
1.02516
1.32129
1.18477
0.920652
0.881887
0.806205
0.860892
1.30483
0.92245
0.84767
0.883715
1.11007
1.19038
1.00761
1.1182
1.24936
0.93283
1.06242
0.957957
0.970557
1.18247
0.792092
0.905623
1.19265
1.10472
0.968207
1.19959
0.809543
0.894043
1.06025
0.906392
0.894597
0.671178
1.21525
1.05012
1.1619
0.856205
0.972025
1.11018
1.14761
1.09695
1.08085
0.958605
1.03754
1.27659
1.12382
0.97898
0.867922
0.764468
1.00161
0.807567
0.965605
1.11818
0.701623
0.918617
1.32873
1.08695
0.822033
0.967118
0.95018
0.963287
0.897558
0.83072
1.01131
0.916677
1.06608
1.17862
0.938812
0.861215
0.877757
1.00199
0.984218
1.15359
1.24415
0.908737
0.729057
0.702548
1.04995
1.18109
1.33582
0.71761
0.611363
0.917863
1.06665
0.931167
0.777327
1.27337
1.27898
1.36239
0.83622
1.04626
1.29226
0.992808
0.940168
0.913658
1.31656
0.886075
1.24592
0.900553
0.84741
0.957168
0.986543
1.05157
1.1026
1.08981
1.12059
1.33325
0.806828
1.21695
1.12426
0.98902
1.08862
0.958773
0.911933
1.26803
1.17097
1.01759
0.943135
0.935003
0.854268
0.66228
1.11584
0.752518
1.08248
0.761983
1.19436
0.760818
1.13375
