0.953221
0.845873
1.12884
1.14786
1.0697
1.0397
0.937605
0.971322
1.07365
0.915486
1.09512
0.98711
1.10588
1.18543
1.22222
0.902028
0.864914
0.769755
0.928871
1.10839
1.11206
0.952812
0.969703
0.954066
0.973484
1.11716
0.990359
0.961778
0.885153
1.09803
1.10831
1.16381
0.986472
0.971913
0.895429
1.12671
0.895309
0.757297
1.0965
0.906396
1.01591
0.905819
0.934634
0.870922
0.938509
1.18854
1.06402
1.04602
1.06663
1.07093
0.83915
0.886303
1.12299
0.783814
1.18014
1.01506
0.991446
0.982402
1.01511
1.01404
0.868013
1.13252
0.964877
0.931746
1.00221
0.856047
1.22549
0.972169
0.874644
0.897026
1.01044
1.08312
0.847024
0.967972
1.02174
0.984759
0.82531
0.901043
1.1798
0.948338
1.02242
0.931549
1.1937
0.777566
0.970279
0.969284
1.04984
1.07241
0.889146
0.920532
0.919577
0.857349
0.810742
1.02329
1.09765
0.968076
0.992344
1.1149
1.1345
1.06774
0.88473
1.02374
0.737145
1.17628
1.14204
0.952651
1.07416
1.05703
1.10106
1.01615
1.0446
0.900933
1.07907
1.10613
1.22022
0.944922
1.0282
0.986809
1.28475
0.979168
1.10467
0.881868
1.1572
1.01975
0.944793
0.919948
1.13121
1.14185
0.982635
0.868382
1.22843
1.02611
1.1193
0.942163
1.08043
1.20553
1.00973
1.08505
0.940299
1.02357
1.12177
0.997572
0.84749
1.11841
1.00268
0.895593
1.0761
0.880795
0.885518
0.996213
0.991869
1.09777
1.06242
1.09239
1.161
1.02062
1.12281
1.0398
1.12963
1.05925
0.898414
1.01647
0.997858
1.01783
0.892372
1.01081
1.07181
1.10916
1.14847
0.817452
1.10771
0.963797
0.997611
1.14457
1.05694
1.08709
1.00059
0.841113
0.963466
0.922018
0.911821
1.01519
0.92489
0.966456
0.847516
0.952555
0.967407
0.975524
1.04698
1.04494
0.931146
0.702768
1.06447
1.05834
0.921891
0.798152
0.996488
1.07289
0.913046
1.09733
1.04773
0.954137
0.928426
1.13677
0.979143
1.00072
1.0486
1.04599
1.08912
1.17991
1.10771
1.02664
1.07036
0.890631
0.917982
0.923249
1.00533
0.847829
0.996571
1.11035
1.1294
1.1527
1.15781
0.838679
0.785571
1.02287
0.866408
0.911927
1.06936
0.931487
1.16941
1.10957
1.06151
0.832992
1.08325
0.988367
0.96399
0.848253
1.25498
0.974514
0.979729
0.83094
1.05319
1.16512
1.01468
1.11539
0.904006
1.18164
1.06503
1.01284
1.12843
1.06337
0.967246
1.01473
0.875019
1.14465
0.803512
0.904793
0.863878
0.803399
0.860566
0.950315
0.999106
0.974104
1.04967
0.929173
1.05355
1.05914
0.996373
0.984542
1.07161
0.915782
1.01345
1.01976
1.14491
1.07107
1.0059
1.10901
1.05337
1.10859
1.00207
0.860213
1.07626
1.14634
0.729214
1.16985
0.966052
1.20879
1.00475
1.04731
1.06221
1.04137
1.06652
0.89653
1.04851
0.92884
0.886511
1.10109
1.17359
1.07849
0.954468
0.959621
1.02146
0.883931
0.949477
1.0432
0.963614
1.03609
1.02581
0.970132
1.00416
1.00844
0.944972
0.978246
1.14285
1.03604
1.1014
1.06049
0.981482
1.00013
1.00702
1.03824
0.958927
1.06854
1.03767
1.10505
0.985681
1.01583
0.987944
1.0534
0.85865
0.89157
1.0907
0.990118
0.863045
1.09782
0.919075
1.0309
1.06554
0.92906
0.958857
0.983015
0.928829
0.911533
0.952552
0.938716
0.900131
1.14711
1.0259
1.03515
1.00647
1.00403
0.931668
0.89776
0.846319
1.05746
1.02754
0.900654
1.10564
0.933563
1.03322
1.15949
1.13853
0.857015
1.13316
1.00811
0.979849
1.05054
1.30353
0.915289
1.09946
1.16674
1.06678
1.0126
0.874146
0.928262
0.979847
1.00015
1.1467
1.00725
1.03401
0.971304
1.12211
1.0417
0.869674
1.0165
1.06392
0.987491
0.967003
0.946433
1.01964
0.904169
1.07096
1.03019
1.00382
0.818295
1.13098
0.998748
1.11437
0.800239
0.959013
0.955272
0.794221
1.04373
0.841764
0.963302
0.947396
0.741416
0.921317
1.12345
0.924991
0.940027
1.0231
1.07235
1.08762
0.999054
1.01234
1.12098
1.07305
1.0475
0.99633
1.09308
1.04354
1.0169
0.92635
1.12707
1.01051
1.00815
1.10224
1.13568
0.942396
1.18053
1.05087
0.986014
0.863106
0.692844
0.820743
0.879239
1.06546
1.04039
0.950441
1.16076
1.08609
0.919819
0.76463
0.915739
1.04786
0.923807
0.973276
0.954584
1.11448
0.874185
1.10629
1.14506
1.0224
0.958611
0.959207
1.08417
0.984526
1.09269
1.04952
0.944359
0.933079
0.953077
1.08522
1.00933
0.957849
1.17734
0.960542
1.00089
1.22104
1.01251
0.890224
1.01659
0.995656
0.893218
0.912807
1.02583
0.945364
0.919261
1.04357
1.00078
0.933224
1.13372
0.956001
1.02439
1.12616
1.08953
0.894444
0.986861
1.02908
1.09867
1.17116
1.00304
1.09861
0.928784
1.05639
1.00263
0.973063
0.9608
1.14372
1.018
0.995234
0.986758
0.829156
0.952422
1.03863
0.955077
1.01494
1.05547
0.927534
0.831089
1.00469
1.18882
1.03255
1.00529
0.888643
1.21088
1.04048
1.11826
1.07975
0.994098
1.15104
1.03769
1.16789
0.996036
1.22498
1.07125
1.05222
0.936066
0.773304
0.978102
1.21337
1.08713
0.978197
1.04196
0.854691
0.856578
0.932343
1.10298
0.979953
1.08528
1.0378
1.07947
0.946825
1.03976
0.973155
1.03862
0.880002
0.953702
1.17056
0.885458
1.02982
1.19155
1.02965
0.985649
0.999987
1.09808
0.970834
0.934193
0.879783
0.916944
1.05544
0.924077
0.979549
0.969942
1.10563
1.13134
1.0726
0.890751
1.09307
0.987858
0.992048
1.05154
1.12663
0.984232
0.933559
1.00998
1.07126
0.978026
0.909636
0.856989
1.07242
1.01644
0.878235
0.934684
1.14868
1.01133
1.02055
0.851891
1.09224
0.922502
1.25919
1.07422
1.0498
0.724794
1.10933
1.08331
0.916036
1.08618
1.01267
0.897621
1.11161
0.873299
0.992607
1.02001
1.06679
0.811171
1.06171
0.933348
0.824591
1.03287
1.00541
0.957097
1.06241
1.09933
0.985596
0.938634
0.902007
1.01157
0.862024
0.956503
0.991971
0.813063
0.896144
0.99903
0.862204
1.05955
0.912924
0.94401
0.908444
1.08037
0.997866
1.07135
0.992087
0.807761
1.06233
1.12786
0.997939
1.13228
1.11167
0.956053
0.992377
0.990971
1.00557
1.27215
1.08926
1.02139
1.009
1.07799
1.0499
0.794276
1.14058
1.07824
0.946813
0.855634
0.897344
1.08738
1.02923
0.837078
1.02428
0.928452
0.999246
0.991049
0.985947
1.11932
1.05487
0.920908
1.02433
0.921404
1.05506
1.10022
0.857297
0.887242
1.03287
1.0219
0.997463
0.969193
1.1086
0.958971
0.876564
1.05628
0.962269
0.895976
1.01749
0.873403
0.947599
1.01818
0.986133
1.04981
1.0841
0.871301
0.88444
0.941889
0.960408
1.04448
0.922846
0.981819
0.886471
0.940151
0.955351
1.04083
1.09259
0.970357
1.01733
0.866593
1.03108
1.04298
1.05603
0.878214
0.996812
1.20549
0.919259
1.01095
0.991496
0.970326
1.02292
1.07787
0.995859
1.11572
1.0779
1.09652
0.925367
0.977254
0.994543
1.0093
0.923322
0.981024
0.956597
0.926934
1.13132
0.940586
0.828349
1.02086
0.819119
0.888378
0.960927
1.04516
1.00453
0.963647
0.968361
0.876786
1.07457
0.968234
1.10307
0.985433
1.02055
1.10349
0.959322
0.888964
1.09364
1.05316
1.00597
0.955425
1.2154
1.09429
0.968761
0.890968
0.972437
0.854358
1.10647
1.05801
0.950334
1.02495
1.25239
1.05571
0.982211
0.885401
0.868057
0.837382
1.01695
0.893906
0.923467
0.960792
1.04525
0.910987
1.07728
1.14311
1.14187
1.05224
0.973432
1.05832
0.907879
0.985578
0.976597
0.931876
1.18467
1.16284
0.922271
0.943222
0.993381
1.05503
0.91968
1.10912
1.04396
0.927842
1.10327
0.830569
0.920234
1.11757
0.964713
0.971539
0.876758
1.10142
1.01066
0.876981
1.00024
1.04246
1.12151
0.942921
0.899033
1.05422
1.03775
1.05046
1.06413
1.06548
1.04475
0.974991
1.13094
1.01392
1.07538
0.987898
1.12304
0.944963
1.04061
1.15757
0.908056
1.05146
0.871917
0.957329
0.841369
0.888691
1.01276
1.04907
1.00563
1.09354
1.06857
0.980149
0.957911
0.757252
1.0733
1.0528
1.03348
0.814328
1.10532
0.962416
1.00553
0.831617
1.05198
0.902077
1.10582
0.969387
1.1092
0.882401
1.04284
1.00407
0.789409
1.009
1.20724
1.02363
1.16188
1.12232
0.988731
1.05745
1.09835
0.940454
1.05532
1.03077
1.17796
1.07415
1.08549
1.04359
1.00418
0.996584
0.985448
0.861039
1.04368
0.974449
0.960782
0.943588
1.1628
1.13418
1.0696
1.09627
1.00819
0.948404
0.889127
0.970546
0.935152
0.811205
0.979604
0.784211
1.04079
0.937871
0.911906
0.900499
0.981409
0.900549
0.936039
0.905878
0.885122
1.09632
1.02572
1.00166
0.923194
0.973469
1.02617
0.908184
0.886945
1.03246
1.04658
1.10794
0.985543
1.0353
1.16627
1.08405
0.969941
0.989916
0.90031
1.05385
0.886482
1.11039
1.01503
0.971924
1.05214
1.21442
0.966764
0.907844
0.950466
1.18273
0.954426
1.02888
0.961741
1.04813
1.10079
1.05834
1.10101
1.14759
0.955711
1.15579
1.10869
1.06294
0.851189
1.00138
1.03292
0.986063
0.966474
0.990226
1.10253
1.01099
0.935935
0.932005
0.948827
1.03596
0.931989
1.09872
1.06812
1.02615
1.0108
0.926974
1.10343
0.974327
1.14859
1.17341
0.963813
1.04586
0.94782
1.03901
1.13602
1.01971
1.14842
0.976763
0.860573
1.05724
0.891502
0.970824
1.1736
0.874334
0.963837
1.05395
1.041
0.981181
0.975967
0.808806
0.971037
0.887836
1.05008
1.0837
0.998701
0.919353
1.01425
0.913772
1.05252
1.07516
0.782055
1.1081
1.11645
1.05282
0.812374
0.990948
0.912817
1.06754
0.871445
0.901414
1.02181
0.924878
1.03775
0.96106
1.09889
1.09617
1.01067
0.843819
0.892838
1.29138
1.16024
1.06377
1.13604
1.17989
1.07709
0.916853
1.06275
0.714254
0.977327
1.02203
1.14113
0.873992
0.931567
1.06025
0.955524
0.917685
1.03917
1.02534
0.970856
0.943284
1.09369
0.983706
0.97333
0.965609
0.996048
0.971817
1.18065
0.998886
1.01379
0.831892
0.926302
0.924356
1.00331
1.02396
1.2058
1.02311
1.19766
0.962863
1.0975
1.15891
1.01205
0.939619
1.13386
1.00045
1.05172
1.07121
1.09226
1.1076
0.993252
0.901968
0.878828
0.97839
0.862579
0.924108
0.990586
0.977281
0.840084
1.03363
1.05175
0.990879
0.916838
0.916021
0.972137
0.999483
1.04297
0.883688
1.07472
1.02828
0.985209
0.919506
1.17421
0.957908
0.901924
1.18058
1.1008
1.18421
1.0726
1.10295
1.02013
1.00835
0.892354
0.892572
0.790312
0.827174
0.926647
0.922704
1.1808
0.853442
1.04572
0.901038
1.06709
1.15597
0.946781
1.0071
0.902569
0.861316
1.05523
0.974683
1.19391
0.952647
1.00457
1.02224
0.909961
1.02636
0.927704
0.988846
0.957022
0.829484
0.896764
0.979696
1.05383
0.958857
1.13836
0.997443
1.0516
0.935869
0.987389
1.08389
1.10455
0.934832
0.959059
1.00748
0.951898
1.07176
1.01081
0.987361
0.946003
1.14152
1.00919
1.06043
1.03038
1.06329
0.929151
0.934396
1.08
1.05723
0.84054
1.04937
0.933125
1.06091
1.00825
0.992619
0.846244
0.987823
1.03325
1.23079
0.915443
0.921567
1.09769
1.06596
1.05039
1.11184
1.05498
1.08202
1.09225
0.977861
1.04866
1.00978
1.06372
0.996895
0.894112
0.875724
0.943868
1.09307
1.17584
0.968792
0.808679
0.82636
0.881036
0.973022
0.993457
0.973783
1.04005
1.05213
1.01683
0.934438
0.982071
0.919276
0.821553
0.995838
0.893612
1.21151
1.00096
1.01602
0.82889
1.1261
0.879084
1.04618
0.806933
0.967733
1.13264
1.1598
1.00202
1.0846
1.18964
0.884574
1.08453
0.876402
1.05128
1.02367
0.948141
1.10648
0.991547
0.869587
1.08748
0.999246
1.03517
0.924381
0.903033
1.01113
1.04805
1.24067
0.92174
1.27756
1.06473
0.938911
0.899513
1.11126
0.957834
1.07733
0.961095
0.854087
1.04693
0.937636
0.990926
0.818724
0.978297
1.03633
0.893339
0.999415
1.03273
0.909759
1.00899
0.943293
1.08684
0.871953
1.16706
1.03829
0.871719
0.949836
1.13999
1.02563
0.925334
1.24289
0.983519
0.996408
1.02816
1.07942
1.00185
0.994516
1.13614
0.924888
1.25304
1.05699
1.07494
0.978232
1.00389
0.781594
1.07175
1.07234
1.12134
0.759916
0.982499
0.935845
1.09044
1.03396
1.00863
0.811259
0.985669
1.03432
0.936808
1.19992
0.955662
0.939472
1.12161
0.953366
1.04307
1.17897
0.995123
1.17166
1.08463
0.971033
1.00576
0.953521
0.929542
1.04564
1.17166
0.975392
0.837353
0.936655
1.0271
0.885567
1.19442
1.16601
0.857617
0.91408
0.936617
1.11626
1.01194
1.03257
1.09491
0.983092
1.08587
1.06308
0.942058
0.939401
1.11209
0.919603
0.97149
1.25512
0.913487
1.02886
0.924879
0.859277
0.932556
1.20122
1.15371
0.796224
0.972372
0.965634
1.12379
0.952153
0.981487
0.832767
0.980006
1.10471
1.10717
0.992006
1.07825
0.977326
0.976057
0.979784
0.922209
0.949878
1.00844
1.14423
0.971969
1.09137
0.878123
1.07462
0.876084
1.01859
0.931891
0.922406
1.19134
0.961764
0.996454
1.10757
0.807499
1.12927
1.03836
1.0343
0.857889
1.10022
0.962447
1.12862
0.945424
1.05305
0.892294
0.919154
1.09342
0.997634
1.008
0.877474
1.06832
1.00839
1.11206
0.996392
0.955762
1.06244
1.01075
1.11529
1.06986
1.03848
1.03217
0.773541
1.14237
1.16583
1.17107
1.03125
0.870678
0.940429
0.889206
1.01876
1.01988
0.968077
0.89094
0.876701
0.949207
0.826537
1.09972
0.994794
0.996844
0.929555
1.11885
0.891028
1.14838
1.02506
0.9874
1.0098
0.860096
1.10774
0.903029
1.03421
0.896373
0.979731
1.09304
1.23809
0.928162
0.979805
0.956367
0.951757
1.00228
1.01814
0.957086
1.01887
1.02501
0.778032
1.01526
0.998746
1.04011
0.886567
1.06676
1.03962
0.952341
1.01064
1.04545
1.0163
1.12782
0.987906
1.04186
0.980016
0.899937
1.18827
0.880076
0.960634
1.1366
0.963664
1.09414
0.978736
1.1541
1.1736
0.898024
0.753443
1.12057
1.03858
1.07075
0.978832
1.29793
1.0846
0.996618
1.08304
1.06425
1.10447
1.00565
1.12642
1.03902
1.15904
0.758656
0.968426
0.999442
0.895571
1.06662
0.967857
0.933417
0.910255
1.12116
1.14225
1.14338
1.01983
0.96916
0.806829
1.05705
1.09961
1.21191
0.94613
1.12865
0.890002
0.992115
0.856143
0.877457
1.0584
0.929064
0.975857
1.03542
0.975776
0.884279
1.16041
1.0339
1.21585
0.786302
1.19576
0.8756
0.696483
0.991679
0.915676
0.939224
0.8428
1.06021
1.02031
0.888511
1.01905
0.928718
0.624294
1.24073
1.04011
0.963438
1.20146
1.03407
0.899032
1.03708
1.00114
1.07073
1.20984
0.991101
0.986637
1.00239
1.09121
1.02752
1.01743
1.14153
1.02449
0.972165
0.973003
1.1536
1.1281
0.814962
1.01354
1.07976
1.02552
0.941636
0.959323
1.07755
1.03572
1.03738
0.98829
1.03335
0.961941
1.06283
0.966608
1.10639
1.05945
1.19227
0.972802
0.97405
1.1425
0.970534
0.888023
1.07075
0.917754
1.02399
0.966779
1.11849
1.05002
1.05035
1.13338
0.979149
1.12901
0.793018
1.0119
1.12249
0.980106
1.12531
1.04427
1.17565
0.860302
1.17293
0.912099
1.0239
1.04151
0.996949
0.862309
0.996647
0.933693
0.954257
1.05291
0.982418
1.0534
1.13109
1.15241
1.02866
0.978146
1.09189
0.949942
1.10734
0.978579
0.833993
1.03455
0.856904
0.874942
1.00415
1.0382
1.13155
0.867363
0.910613
1.05806
0.983266
0.84164
1.05626
0.803659
0.778002
1.13707
1.10615
1.06521
1.02346
1.11214
1.07785
0.894753
1.04739
1.00414
1.06044
0.866478
0.955908
0.877168
0.936956
0.978611
1.02732
0.935978
0.932681
0.973613
0.916774
0.958426
1.01519
1.00892
1.0178
1.04901
1.05477
1.21951
0.987713
0.862477
1.07584
0.873428
1.05105
1.14651
1.10756
1.10879
0.956959
0.945498
1.0116
1.04478
1.03178
1.0994
0.892406
1.18804
1.09235
1.03218
1.02349
0.822638
0.909707
1.11592
1.05471
1.04089
0.997316
1.02007
0.990921
1.04575
0.824442
1.08204
1.04134
1.0222
0.969585
0.816101
1.03349
0.958686
0.988998
1.12833
1.0866
0.906553
0.848308
0.945604
1.03867
1.0037
1.13696
0.906061
0.808103
1.03215
0.993436
1.04936
0.909545
1.07058
1.02739
1.08956
0.925819
1.00349
1.07937
1.11117
1.08257
1.15294
0.967207
0.837396
0.967621
0.965044
1.0512
1.0035
0.961746
0.866122
1.18579
1.0477
1.03986
1.16144
0.969411
1.01683
1.11728
0.940005
0.982074
1.17325
1.17822
0.961746
0.911991
0.918126
0.990012
1.09944
1.04655
0.767493
1.06255
1.09965
0.923876
1.03857
0.889221
0.994956
0.757594
1.01095
1.08491
1.0367
0.984578
1.00492
1.03119
0.864159
0.969079
0.986333
1.09249
1.05512
1.00148
1.05741
0.998272
0.995516
0.959687
1.0807
0.978162
0.955411
1.0284
1.13706
0.862044
1.12088
0.903404
0.990799
1.01102
0.979222
0.951629
1.16106
1.0538
0.876007
0.992519
1.02935
0.922442
0.900755
1.24829
1.20191
0.974448
0.956798
0.963528
0.992492
1.05288
0.820498
1.06111
0.824984
1.06038
0.925545
1.14758
1.10632
1.03128
1.05489
1.07
1.02392
0.920952
1.01776
0.947002
0.969644
1.07833
1.00548
0.973611
1.08803
0.972612
1.04325
0.840213
1.1616
0.995415
1.0323
0.970066
1.00688
0.957039
1.13388
0.935287
1.14946
1.05569
1.06398
0.846828
0.976032
1.23998
1.0292
1.10725
1.15938
1.03943
0.810704
1.04288
0.96689
1.03417
1.10658
1.10792
1.00443
0.951103
0.957703
0.878347
1.02812
1.05522
1.11198
0.972063
1.05375
0.963534
1.08401
0.982678
0.835188
1.01909
1.06344
0.894638
1.02131
0.884273
1.02712
0.781541
0.975462
1.03421
1.11918
1.1298
1.00594
1.0945
1.0541
1.06311
0.931437
1.01505
0.937108
1.05836
0.945311
0.995483
0.836801
0.979991
0.979202
0.950794
0.967944
0.962669
1.21411
0.912748
0.996143
0.890036
0.908568
1.04701
0.967602
1.07429
1.00437
1.10302
0.974743
0.974835
0.858926
1.165
0.918036
0.881108
1.01601
0.676603
0.944349
0.856966
0.945326
1.06242
0.965012
1.23459
1.07637
1.17302
1.0821
1.13186
0.907854
1.05798
0.994864
0.914017
0.996472
0.985563
0.960377
0.955894
1.12153
1.06753
1.06108
0.957901
1.08337
0.928331
0.967813
1.10165
1.02233
1.06219
0.941534
1.01058
1.01
0.944824
1.07914
1.05005
1.10948
1.02175
0.974747
1.0317
0.944318
0.786712
0.941633
0.818007
1.03445
1.00819
0.988068
0.786821
1.06713
0.956246
0.949236
0.863278
1.09068
1.04699
1.02639
1.08418
1.21408
1.00386
0.922398
1.00985
1.01894
0.929086
0.931551
0.931641
1.08026
1.19756
0.887039
1.048
1.03802
0.954503
1.0454
1.20628
1.16883
1.08268
0.924561
1.0666
0.973158
1.10426
0.962079
0.981351
1.04678
1.00979
1.14858
1.02893
0.983571
1.10339
0.951507
1.11977
1.02166
1.13888
0.996514
0.886497
1.09047
0.827399
1.02718
1.12227
1.09547
1.16922
0.837919
1.21271
0.993219
1.01136
1.1042
1.05861
0.950436
1.04642
1.02001
1.01482
1.23947
1.13442
0.924657
0.944976
1.04921
0.900182
1.07034
0.941877
1.01583
0.997937
1.16037
0.92689
1.09664
0.975205
0.979366
1.0054
1.09502
0.946416
1.01543
0.965432
1.04738
1.1153
0.963835
1.13396
1.01726
1.00159
0.958581
1.08722
1.04506
0.763302
0.990137
0.831725
1.07992
1.06311
0.9256
1.0054
0.874916
1.02419
0.898671
0.953965
1.02407
0.983112
1.06693
1.06207
1.13088
0.966413
1.128
0.962382
1.02123
1.03675
1.09709
0.898974
0.890178
1.10896
0.952745
1.14205
1.02342
0.95854
1.03728
1.22202
0.861989
0.8408
1.06679
1.05015
1.12388
0.946787
0.94955
0.973047
1.13895
1.00047
1.0655
0.960741
1.0166
1.02202
0.968914
0.965076
0.939364
0.978538
0.959444
1.19651
1.10949
1.17929
1.05579
0.96862
1.10946
0.973591
1.10361
0.979593
0.981056
1.04891
0.851906
1.0026
0.926183
0.912048
1.04138
1.00171
1.07768
0.994062
0.97994
0.979576
0.995721
0.968631
0.81527
0.987711
0.845788
1.05724
1.14056
0.906761
1.03867
1.05492
0.96317
1.08463
0.864976
1.09424
1.048
0.846426
1.00537
1.04072
1.05869
1.2264
1.0565
0.895163
1.03763
0.974403
1.12903
1.10693
1.03977
1.0091
0.906697
0.94277
0.86108
1.02728
1.01094
1.15535
0.99742
1.02682
1.00047
0.995042
1.02011
0.998081
0.953847
1.06096
0.849563
1.00217
1.03088
1.05186
1.13189
1.10547
0.862923
0.99114
0.888021
1.18038
1.04534
0.885369
0.906639
1.04166
1.00395
0.958858
0.98416
0.899086
0.947929
1.01818
1.05637
0.899587
1.01727
1.06848
1.10491
1.14091
0.962186
1.02772
1.07734
1.17208
0.921397
1.01254
0.860952
1.03143
0.971012
1.02106
0.918153
0.802058
1.15841
0.897131
0.783269
1.04052
0.987091
1.14203
0.858158
0.830016
1.02738
1.0529
0.982801
1.03882
0.983193
0.873472
1.02068
0.993828
1.02897
0.90918
1.1246
1.03444
0.941031
0.887979
0.905651
1.0414
1.0141
1.10412
1.03538
1.11648
0.978837
1.07726
0.900042
0.972052
1.1674
1.04653
0.895419
0.936278
0.801839
0.819745
0.959875
1.03739
1.12295
0.947257
1.18598
0.710316
0.982128
0.968903
0.840284
1.0022
1.02912
0.854291
0.906207
0.891018
0.986493
1.11643
1.05246
1.11896
1.02241
1.12434
0.910669
1.12608
1.16691
0.988393
1.03079
0.934744
1.25412
0.991999
1.29043
0.990677
1.07772
0.998935
1.00979
0.997358
0.984334
0.931347
0.957838
0.995086
1.11414
0.976644
1.08689
1.10037
0.937158
0.932554
1.11952
0.886144
1.03421
1.0654
1.16216
0.996932
1.02288
0.856395
0.951353
1.07785
0.858732
1.12817
0.974165
1.15431
0.9538
0.915031
1.15349
1.09582
1.02496
1.02738
0.957128
1.14366
0.907053
1.08599
1.10723
1.00831
1.09144
1.07382
1.07891
0.907663
1.00822
1.0083
1.16119
1.21848
0.958825
1.02583
0.978581
1.09825
1.01995
0.918903
1.05388
0.855352
0.933811
0.886034
0.951792
1.05207
0.857867
0.899473
0.875258
1.10577
0.879398
0.819049
0.984246
1.00667
1.06776
1.0067
0.860794
1.03946
0.982464
0.997832
1.05932
0.91425
0.956328
1.09746
0.977868
1.09893
0.942003
1.02223
0.997922
1.15371
1.02722
0.953027
0.875919
0.890159
0.970067
0.897533
1.11215
1.02698
0.814418
1.02471
0.8526
0.841198
1.17144
1.02542
0.88044
1.04263
0.865067
1.03938
1.00968
1.06163
1.17758
1.07989
0.888416
1.12019
0.953301
0.969636
1.04403
0.893853
0.975239
1.02897
1.3354
0.939337
0.954776
0.979498
1.08316
0.772518
1.1247
0.853288
0.896176
0.868584
0.990851
1.1839
1.05963
0.953414
0.869939
1.0379
0.918459
1.02236
1.01893
0.904863
0.900738
1.07813
1.11363
0.978799
0.965433
1.04599
1.13785
0.898298
1.18859
0.973741
1.02299
0.819155
0.920916
1.22758
0.980349
0.967863
1.08272
0.936331
1.10542
1.04074
0.768269
1.03354
1.00004
1.16255
0.947534
1.05704
1.09197
1.04104
0.856704
1.04173
1.12593
0.9886
0.912123
1.17497
0.97406
1.02507
1.0631
0.832792
0.957285
1.03599
1.05964
0.919636
1.01851
0.931824
0.94865
1.01685
0.977213
0.989593
0.929158
0.933366
1.12671
1.0283
1.18732
0.981531
0.950341
0.989788
1.13821
1.02271
0.946862
0.937199
0.971969
0.835515
1.10899
0.986065
0.929488
0.974911
1.00183
0.912972
0.870952
1.10481
0.792013
1.03708
1.04889
0.980779
0.995159
1.20172
0.938849
0.875957
0.877028
1.10553
0.963473
1.10367
0.894544
0.970369
0.873231
1.0573
0.982587
0.938107
0.978786
0.969614
0.976415
1.10292
0.999522
0.857561
0.968108
1.1825
0.925692
0.937901
0.900877
1.10833
0.958612
0.903703
1.00658
0.893281
0.88842
1.02366
1.01233
1.06263
1.14742
0.872232
0.954784
0.924973
0.859838
1.10247
0.980702
1.13179
0.94504
0.910339
1.01632
0.725811
0.988392
0.800164
1.0024
0.795251
0.766049
1.04725
0.919671
0.855744
1.14585
0.963317
1.05756
0.924891
1.26777
1.06587
0.857494
0.897153
1.0343
0.977324
1.10663
1.01336
0.782444
0.935852
1.19916
0.968999
0.981953
1.02648
1.28071
1.09307
1.12144
0.888562
1.08683
1.09338
1.00396
0.96057
1.01176
1.05212
0.91648
1.16995
0.940763
0.88085
1.02995
1.11504
0.989946
0.971468
0.893166
0.849683
1.02607
0.925507
1.00799
1.04295
1.0766
0.944801
0.937067
0.849703
1.159
1.11744
0.989005
0.931753
0.985791
1.02922
1.00846
1.01875
1.02421
1.03286
0.977581
1.06452
0.862973
1.00882
0.993974
1.03559
0.996543
1.04315
0.903912
0.934029
0.825578
0.937223
1.04364
1.03241
0.94129
0.941199
1.04916
0.862764
1.0968
1.00414
0.849027
0.934058
1.00732
1.09066
1.04941
0.983402
0.815974
0.981807
0.912909
0.938468
1.09085
0.770195
1.03723
0.923226
0.918195
0.996013
0.879565
1.02901
1.13928
1.19722
0.951861
1.02162
0.820432
1.09684
0.923561
1.07503
0.944429
1.01726
1.04215
0.895379
1.12628
1.02375
1.09225
0.895098
1.0355
0.985399
0.781637
1.01892
1.06621
1.07962
0.899407
1.12345
0.902497
0.934735
0.887314
0.875435
0.980161
1.14868
1.05099
0.835611
0.972422
1.2034
0.954959
0.893209
0.923219
1.02806
1.05385
1.01767
1.03751
0.922291
0.964102
0.954964
0.996827
0.747174
0.985576
0.936445
1.01171
1.15345
0.929957
0.923803
0.997191
1.26392
1.00668
1.08614
1.20231
0.999831
1.09348
1.23031
0.992322
1.01013
1.10125
0.746857
1.05005
1.04983
1.10125
1.15411
0.928664
1.01557
1.13343
1.11332
0.896002
1.16925
1.15111
1.00559
0.916651
1.02044
0.923932
1.09628
1.09034
0.949016
0.939228
1.05818
0.822842
1.02018
0.874302
1.19001
0.887372
1.13163
0.973942
0.949435
0.882383
1.13635
0.952714
1.0039
0.803583
0.978045
0.897043
0.866678
1.09541
1.05397
1.13949
0.901777
1.00336
0.920714
0.857598
0.906028
0.983349
0.973217
0.918231
0.782912
0.957666
0.901479
1.05493
1.06166
0.999703
0.90531
0.910763
0.995817
0.912559
0.991989
1.02536
1.05386
0.965948
1.00801
1.06719
1.02012
0.875504
0.894979
1.07869
1.03775
1.14063
0.909536
0.837875
1.02601
1.06471
1.04549
1.01366
1.23046
0.951516
1.09248
1.07556
0.943394
1.17811
0.986034
0.914417
0.880918
0.935751
0.958197
0.997748
0.888362
0.823347
0.988424
0.996198
0.896097
0.811861
0.967546
0.921566
1.06118
1.02233
0.986575
0.936348
0.892169
1.10806
1.03818
0.945058
1.05905
0.963549
0.902486
0.933578
0.84857
0.985286
0.983542
0.843752
1.22754
0.912812
1.05709
1.1162
0.856886
1.19634
0.946005
0.867072
0.977878
0.920251
1.05851
0.993219
1.16937
0.847607
0.930692
0.969796
0.995445
1.15069
1.15154
0.958168
0.973052
0.994282
1.02716
0.915818
0.98879
1.06938
0.928829
0.976121
1.02954
0.929307
1.02078
0.956026
0.960523
1.18924
0.809358
1.01801
0.940853
0.893834
1.05858
0.900527
1.03558
0.996315
0.895218
0.834485
0.950817
0.859134
1.16608
1.092
0.971792
1.05369
0.887303
0.948707
1.09458
1.0275
1.00594
0.844839
1.00483
1.01868
1.01174
1.13528
0.928278
0.989657
1.10092
1.043
0.891707
1.08817
0.979069
1.13227
0.887885
0.941566
1.09824
1.09905
1.08552
1.19348
1.03031
0.880844
0.970228
1.16167
0.971072
0.950767
0.999195
1.01779
0.916471
0.995095
1.11198
0.867871
0.864959
1.10527
1.11426
0.949618
0.936715
0.953458
0.851927
1.04267
0.906573
1.12091
1.01553
0.891341
0.934318
0.914857
0.97039
0.942976
0.903757
1.00493
0.957382
1.05175
0.958206
1.03882
0.995018
1.00765
1.10658
0.995853
0.931187
0.955191
0.912767
0.935486
0.976677
1.00532
1.04251
0.803229
1.04511
1.02666
1.05536
0.994044
1.05324
0.945926
0.981427
1.11669
0.932596
0.974213
0.992354
0.967891
0.873408
1.05978
0.943124
0.92115
0.929659
1.12884
1.0449
0.832635
1.00524
1.08039
0.993151
0.925757
1.18193
0.992888
0.895
1.0019
1.15822
0.772552
0.849882
1.20506
0.765153
0.935555
1.08442
0.999824
0.954313
1.10679
0.959689
1.07187
0.995914
1.02625
1.07744
1.12534
0.931369
1.01438
0.976228
0.928158
1.08328
0.982381
1.02242
0.909297
1.05499
1.16509
1.16519
1.08476
0.960279
0.924971
0.954099
1.13894
0.923828
0.985612
0.982737
0.964971
1.14192
0.958255
0.996045
1.03173
0.974645
0.915387
0.908644
0.992959
0.933926
0.908341
0.804665
1.01257
0.984134
0.966301
1.22296
0.847386
1.19471
0.857235
1.19676
1.02156
1.14912
1.03415
0.902897
1.00023
1.0612
0.973646
0.999879
1.19275
0.987204
1.02021
1.00692
1.0418
1.12603
0.991667
0.926187
1.02837
1.13174
1.00872
0.984074
1.06211
0.971193
0.947353
1.07251
0.863935
0.977612
0.992033
0.733236
0.914756
0.943423
0.974938
1.0267
1.07841
0.910381
0.938028
0.972275
1.13666
1.06662
1.03947
1.1207
1.01142
1.11344
1.05367
0.789132
0.977852
1.1445
1.00333
0.885786
0.880555
1.07247
0.884202
1.21459
1.14206
1.12419
0.835719
1.09129
0.943005
0.972293
0.944779
0.955222
0.944355
0.972187
0.752671
1.03508
1.25993
1.00785
0.949653
1.12723
1.05541
0.951628
1.0264
0.825028
0.843923
0.986032
1.07124
1.05333
1.0089
1.11576
1.0003
1.16942
0.913839
0.96382
0.942993
0.991288
0.979816
1.10288
0.921385
1.02147
1.13517
1.10723
1.14728
1.02967
0.980682
0.964063
0.958054
1.08293
0.885518
1.06788
0.863301
1.07214
1.1168
1.08681
1.14304
1.10154
1.0867
0.908847
1.20401
1.05944
1.13869
0.908353
1.04749
1.09964
0.793238
0.907479
1.01439
1.01082
0.911757
1.01353
1.05177
1.00062
0.892886
0.910475
0.954037
0.919531
0.857213
0.939392
0.814532
0.961775
0.997139
1.00064
1.09913
0.931145
0.87771
0.993996
1.1028
0.992586
1.0397
0.873053
1.0595
0.920808
1.05844
0.939989
1.03795
1.01359
1.0206
1.08791
1.17905
0.838017
0.906626
0.956078
0.874676
0.940537
1.08449
1.05199
0.831747
1.17113
0.962302
1.08651
0.980142
1.08066
0.831062
1.14175
0.86894
1.04802
0.939149
0.998781
1.043
1.0204
1.08338
1.02131
1.07784
1.05982
1.02134
1.06101
0.920618
0.973956
1.07144
1.13988
1.05087
0.747464
0.988636
0.915778
1.02575
1.01762
0.845731
1.03249
0.810466
1.0058
0.981176
1.06784
1.02985
1.03959
1.04734
1.03263
1.00268
0.843855
0.838813
1.16631
1.05998
0.869394
0.970019
0.860099
1.05033
0.98637
0.870416
0.990584
0.938358
0.971247
1.22304
0.880937
0.899223
1.08773
0.76838
1.02919
1.00505
0.903686
1.0053
0.865281
0.981479
0.881613
1.00376
0.884414
0.890563
1.16707
0.983553
1.06202
0.919622
0.940358
1.10138
1.02132
1.07128
0.978888
1.04896
0.942897
0.744501
0.940304
1.07338
1.01891
0.972928
0.983347
1.00878
0.861286
0.959149
1.08534
0.747626
1.06218
0.982575
1.08237
1.10261
1.04446
1.06103
0.888194
1.08258
1.04206
1.01591
1.08479
0.859359
1.0623
1.06428
1.0024
1.04176
1.10568
0.938655
0.943972
0.903827
0.879691
1.06729
0.975341
0.99554
1.10784
0.946143
1.08225
0.934553
1.15626
1.11543
1.07686
1.05738
1.17691
1.14569
0.883694
1.11552
1.11018
1.12544
1.09477
0.980642
1.0309
0.901807
0.927608
1.02923
1.06571
1.01522
1.10786
1.12108
1.08807
1.0004
0.997732
0.965342
0.823373
1.10049
0.857526
1.23874
0.980817
0.966845
1.08323
0.949269
0.903969
0.897228
1.09229
1.03546
0.934317
0.915957
0.928311
1.03684
0.961166
0.995799
1.07174
1.02964
1.16404
0.908951
0.959349
0.899312
1.09609
1.01959
0.924786
0.797904
0.853386
0.892999
0.989934
1.0276
1.04134
0.941901
0.994173
1.02688
1.19681
1.02915
1.05199
1.02277
0.843211
0.932092
0.857279
1.05808
1.19867
1.03405
0.765189
1.12786
0.878539
0.978749
1.12366
1.04206
0.888281
1.16235
0.907399
1.22141
0.742053
0.796742
0.979773
0.968826
0.799052
1.13695
1.0644
1.00515
1.06612
1.08073
0.924805
1.06545
1.05664
1.16497
0.910184
0.891511
0.884379
0.937946
0.968173
0.905399
0.996926
1.07983
0.988611
1.04975
1.00228
1.03499
0.870352
1.09995
1.10165
1.16555
0.929888
1.06343
1.03288
0.924237
0.850863
0.919778
1.03608
1.09404
1.03308
1.06428
0.932249
1.06439
1.07574
1.04927
1.08139
0.933282
1.04212
0.910164
0.968796
0.950253
0.886532
1.05299
1.00113
0.904668
0.969223
0.980145
0.935679
1.029
1.15512
1.09434
0.947804
1.01843
1.22772
1.05829
0.965506
1.13885
1.04817
1.06247
0.933202
0.858531
0.90891
1.02685
0.960186
1.01069
0.927191
1.10517
0.879726
1.03629
0.969748
0.970112
1.02207
0.927957
1.12382
1.11687
0.981917
0.959591
0.912397
1.02424
0.933553
0.964601
1.16002
0.924348
0.891016
0.904276
0.968299
0.95532
0.880781
1.16617
1.06668
0.856038
1.04422
1.08957
1.00597
0.856475
0.902278
0.935789
0.943255
0.957397
1.09433
1.01484
0.925872
1.0296
1.2127
1.05479
0.924828
1.13237
1.06462
0.989001
1.1203
1.01398
0.940803
1.02147
1.15421
0.881479
0.969107
0.948916
1.07472
1.04612
1.08522
0.783358
1.03529
0.837739
0.898799
1.00293
1.08611
0.879361
0.943907
0.996809
0.976569
0.750171
1.14187
1.00962
0.963963
1.13535
1.11156
1.00577
1.04215
0.945219
1.01134
0.969695
1.0537
0.946949
0.989363
0.952334
0.946112
0.906887
0.925702
0.969082
0.958944
0.887259
1.06607
0.992908
0.939751
0.955579
1.00911
1.11569
0.919178
0.915103
0.940489
1.00256
1.03031
1.02122
0.934849
1.02201
1.04947
0.840306
0.948898
0.876538
1.16155
1.04244
1.15021
0.972766
1.13141
0.840084
1.05287
1.00608
1.08649
0.972457
1.0482
1.01893
0.909566
0.97001
0.981031
1.00387
1.11209
1.15448
1.08968
1.11422
0.896574
0.981051
0.981153
1.13152
1.10007
1.03436
1.03016
0.911242
0.990869
0.936991
1.0856
0.887994
1.23512
0.985611
0.753262
1.16649
1.07446
1.1076
0.849513
0.962799
0.909349
1.0097
1.03335
0.887467
0.926078
0.952336
0.956947
1.04062
0.685396
0.992828
0.932258
0.963728
0.994434
1.02424
0.906277
1.26646
1.01567
0.942719
0.812354
0.891809
0.892549
0.946584
0.938952
1.08739
1.0576
0.952792
0.836671
0.980251
0.826976
0.919413
1.07392
0.759025
1.01761
1.01823
1.14266
0.922289
1.23476
1.04951
1.04746
1.03911
0.930468
0.989377
1.13474
1.00654
0.991918
0.949054
1.07346
0.908376
1.0136
1.07477
1.02485
1.00685
1.01466
0.874783
0.880646
0.993287
0.851427
0.874089
1.06202
1.04269
0.95212
1.1536
1.02257
1.1263
0.921589
0.90692
0.94922
1.16388
0.759367
0.948182
1.05214
1.13086
1.05264
1.20748
0.906999
0.956143
0.826984
1.16294
0.979513
1.01631
0.988799
0.889648
1.01761
1.05058
0.966969
1.13179
0.794109
1.05364
0.927865
1.04181
0.907192
0.973915
1.00462
1.12513
0.941642
1.10908
1.0946
1.09616
1.15239
0.975653
1.06743
1.04385
1.11757
0.905777
0.925724
0.92809
1.03225
0.880178
1.03777
0.884318
0.780217
1.00745
0.988208
1.04433
0.852992
1.14042
1.16753
1.10614
0.860486
0.95775
1.01828
0.966062
1.00697
1.02955
0.986267
1.10846
0.975924
1.08914
1.0379
1.05369
1.04804
1.06167
1.01616
1.01773
1.00069
1.00008
0.982043
0.976318
0.989393
0.983909
1.05719
0.89192
1.00097
1.11474
0.911606
0.989505
0.840502
0.953986
0.914617
0.994622
1.11255
0.960482
1.04683
1.00872
0.989458
0.948342
1.02852
1.02229
1.04555
0.974729
1.09727
0.962122
0.986404
1.00568
1.01821
1.03236
0.881586
1.11379
0.842636
0.91005
0.999123
0.902966
0.835691
1.02273
1.12413
0.918981
0.919031
1.08355
1.02898
1.21067
0.980647
1.19936
1.08359
1.10791
0.775462
0.920547
1.03499
1.05017
0.919323
0.892137
1.01415
0.967556
1.0181
1.0343
1.05644
0.934001
0.969692
0.996609
1.06046
1.08289
1.07314
0.95153
1.20483
1.03789
0.957014
1.08428
0.975393
1.00409
0.797278
0.991686
0.84905
0.880394
1.12156
0.871176
1.03225
0.907072
1.17877
0.972153
0.994015
0.911208
0.829811
1.03107
1.08348
1.17717
1.09049
1.05511
0.842443
0.843922
0.956606
0.921742
0.970086
1.02733
1.00586
1.05009
0.864307
0.968182
0.925364
0.921584
0.986108
0.831722
1.07374
1.00713
1.03284
0.932222
1.06331
0.9145
1.02312
0.978552
1.2103
0.981683
1.11722
1.0676
1.07898
0.875174
1.06788
0.897616
0.900356
1.01737
0.954056
0.887682
0.923818
1.0131
0.994853
1.04896
0.922366
0.898478
1.04182
1.0821
0.950581
1.17107
0.975408
1.11897
1.12691
1.09519
1.08716
1.04479
0.890977
0.9951
1.03373
1.06946
0.960379
0.973188
1.07205
1.09724
0.868693
1.0677
1.08139
0.939076
0.949148
1.18275
0.887427
1.00628
0.892554
0.91942
0.918772
0.946694
0.962214
0.979618
1.28777
1.11015
0.957156
1.06692
1.08497
1.09921
1.08819
1.06647
1.02599
0.939869
0.788864
1.05698
0.948907
0.878506
0.959087
0.974895
0.914503
0.861184
0.975486
1.04791
0.939936
0.831515
1.03057
0.997625
1.08583
0.87364
0.824857
0.882614
0.965953
1.00087
1.10882
0.936722
1.0401
0.902532
1.03172
0.960917
0.943839
0.996859
1.15758
0.857615
0.949088
0.975297
0.917557
1.11662
0.900563
0.82477
1.06791
0.901338
0.931096
1.16657
0.970341
1.17051
1.17434
0.913436
0.990522
1.1596
0.972417
0.903563
1.17785
0.974634
1.02519
1.0277
0.967644
1.03148
1.14811
0.964277
0.91943
1.15011
1.05788
1.01417
0.834586
1.09373
1.05772
1.02044
0.903039
1.00594
1.1025
0.978822
0.876249
1.0025
1.11964
1.09137
1.03663
0.994675
0.945216
0.999122
1.06634
1.03851
0.861661
1.10227
1.07423
1.06478
1.0289
0.765268
1.05438
1.01978
1.07272
1.07815
0.925086
1.14053
1.0286
0.966883
0.989586
0.842169
0.966949
1.03467
1.20843
1.14848
0.945218
1.02015
0.904737
1.19954
1.15262
1.01273
1.05923
1.06114
1.07507
1.15227
0.998647
0.977758
1.0052
1.05012
0.922341
0.931453
1.15642
0.946318
1.01183
1.09149
1.10859
1.05218
1.14896
0.833041
0.955545
0.981641
1.07438
1.00823
1.11543
0.946063
1.13834
1.10815
0.876753
0.930262
1.04913
0.909598
0.921502
0.921453
1.08348
0.958915
0.93631
1.05274
1.11232
1.00384
1.03141
0.871593
0.990942
0.996081
0.999148
0.922062
1.07083
1.05304
0.979065
0.872718
0.921435
0.986888
1.15651
1.02016
1.12187
0.846218
0.969349
1.02813
0.885336
0.975607
0.927223
1.02497
1.12526
0.914635
0.998976
0.912606
1.08384
0.933729
1.00619
0.999983
0.874879
1.10909
0.868912
1.01771
1.00733
0.996446
0.909785
0.831399
1.14656
0.926888
1.00618
0.975703
0.997832
1.00106
0.901667
0.799388
0.875144
0.957116
1.16022
1.10281
0.857572
1.04756
0.866752
0.923737
0.953476
0.829685
1.15727
1.1462
1.0203
0.850191
1.01391
0.852483
1.00389
1.1237
0.964346
1.14494
0.990257
1.13082
1.11279
1.03074
1.09158
1.16809
1.00521
0.960312
0.999067
1.19498
0.992419
0.966634
0.991216
1.14821
1.11063
0.919636
1.02929
0.979709
1.00723
1.15047
1.02643
1.08299
0.972842
0.96289
0.98061
1.00464
0.881611
1.06994
1.07638
0.994086
1.07283
1.02866
0.917343
0.935979
0.971387
1.01731
1.02612
1.01884
1.0119
0.793877
0.954618
0.980977
1.10254
0.982369
0.877553
0.980898
1.05325
0.901271
1.09108
1.13874
1.00711
0.999538
1.11545
1.00761
1.05381
0.986444
1.17077
1.14135
1.10729
1.00825
0.936734
0.908622
1.11818
1.04163
0.958806
0.903979
0.926134
1.03313
1.11366
1.15856
1.02621
0.888617
1.00213
0.966669
0.958938
1.02727
0.931297
1.096
0.909404
1.07083
1.1406
1.08819
0.959374
1.10953
1.15973
1.09672
1.07422
1.11159
0.964729
1.01567
1.02413
1.24507
1.06795
0.917906
1.00557
1.14361
1.04249
0.974013
1.17809
1.14883
1.09068
1.05451
1.02419
0.87549
0.891383
1.12739
1.00011
1.25282
0.954294
1.02507
1.12504
0.890618
0.88498
0.911779
0.958543
1.05912
0.918483
0.93709
0.897159
0.919351
0.981544
1.06563
1.13568
1.08604
1.04009
0.955982
1.01234
1.04122
0.992948
1.09044
0.996304
0.971368
0.932817
0.984964
0.921883
1.1658
0.915166
1.00609
0.952954
0.987162
1.05779
1.08289
0.998432
1.03774
1.04077
0.984388
1.02608
1.14803
0.995319
1.02044
1.00033
0.995673
1.1066
0.907089
1.06418
1.04273
1.04434
0.950048
1.07289
0.801017
1.07794
1.02634
1.04194
1.05377
1.07092
0.955569
1.05171
0.849492
0.994935
0.922331
0.840069
1.06492
0.990075
0.962254
0.88022
0.947408
0.843322
0.895339
0.913621
1.01563
0.911728
0.794725
0.922082
0.998206
1.16262
0.94181
1.19772
0.999296
1.03609
0.94217
1.07085
1.10592
1.09393
1.08375
0.849613
0.945897
1.05733
1.13304
0.993638
0.972542
1.08557
0.841386
1.08063
1.10715
1.06986
0.99421
0.978881
0.975728
0.846274
0.914218
1.08516
1.00653
1.09709
0.832409
1.14554
1.08341
1.0399
1.1861
1.05981
1.04811
1.04272
0.945321
0.973332
0.94097
0.945849
0.994805
1.02533
1.16098
1.08319
1.08857
0.986986
0.908154
0.999383
1.039
1.11808
1.02546
0.997588
0.996056
0.891666
0.962546
0.965459
0.924856
1.08978
0.980434
0.808467
0.862221
0.930705
1.00725
0.960988
1.0544
0.895622
0.933712
0.883542
1.02211
1.02738
1.02066
1.06414
1.03668
0.937099
1.1042
1.01663
1.0044
0.904056
0.965754
1.01102
0.906887
1.09504
1.01651
0.806848
1.2843
1.0328
1.10821
0.9358
0.866997
1.00004
0.907428
0.828897
0.996178
0.867481
1.09632
1.02397
0.891207
1.00599
0.988028
0.954237
0.895836
0.987318
1.01571
0.944054
0.787316
1.07149
0.942013
0.995769
1.03991
0.915108
1.00855
1.03615
1.05476
0.955112
0.828941
0.839514
0.983665
0.932754
0.987204
1.09865
1.018
0.935346
0.848396
0.976541
1.23828
0.782211
1.10577
0.867171
1.07237
1.01118
0.949533
0.953259
1.08803
0.825658
1.01962
1.042
1.05467
0.992988
0.891873
0.864554
0.921517
0.993224
0.925141
0.800929
1.05586
0.990667
1.23591
0.998101
0.900251
0.823681
1.08653
1.04356
0.892887
1.19465
0.849864
0.885737
0.904861
1.05747
0.972273
1.16403
1.00976
0.73487
0.974856
1.03063
0.977574
1.08828
0.843085
1.06117
0.894765
0.977512
1.03104
0.852726
1.02156
1.00923
1.21795
1.00044
1.08927
0.784609
1.1364
0.823608
1.01338
0.949122
0.97199
1.05876
0.934581
0.956414
0.956953
0.908616
1.0789
0.992857
0.925563
1.0823
0.952626
1.11816
1.06334
0.948988
0.944942
0.925614
0.994299
0.909984
1.16992
0.957217
1.04279
1.11441
1.06433
0.883307
1.02971
0.999887
0.96668
0.920587
1.13209
0.818252
0.920017
0.992254
1.0848
1.04855
0.956529
0.86648
1.09015
0.792658
1.0108
1.01043
0.891003
0.932443
0.94402
1.11292
0.893574
0.931767
1.06386
0.931958
1.03492
1.0325
1.00215
0.865531
1.06174
0.902873
1.02012
1.08285
1.04919
0.931966
0.994537
0.830568
0.935572
0.754158
1.00375
1.00439
1.00722
0.948871
1.04668
1.10741
1.09888
1.01016
1.08806
0.754011
1.012
1.09462
1.04181
1.00757
1.01872
1.04216
1.00796
0.915361
0.953281
0.982501
1.01018
1.007
0.924894
0.882378
0.881928
1.05389
0.933709
0.980951
1.13512
0.915452
0.888277
1.0004
0.999427
1.03571
1.06975
0.899328
0.836774
0.937992
1.02636
0.947089
0.866864
1.02915
0.934283
1.16094
0.812897
1.00547
1.02193
0.9132
0.856891
0.932882
1.10301
0.954455
0.913023
1.04132
0.973169
0.886471
1.11307
0.863762
1.05986
0.936717
1.12143
0.862201
1.01133
1.01936
0.992999
0.919673
1.11445
0.926671
1.03735
1.08927
1.05813
0.922563
1.04582
1.00583
1.02028
1.02
1.16042
1.05394
0.9435
1.0679
0.935566
0.984628
0.962358
1.27323
0.89925
1.09576
1.06405
0.900349
0.953149
0.993246
0.966527
0.965831
0.880031
1.17999
0.953777
0.991699
0.986996
1.09982
1.09699
0.913577
0.996864
0.970898
0.809821
1.02048
1.03604
1.06838
0.951182
0.860501
1.07829
0.977056
1.08986
1.09318
1.01104
0.929998
0.914698
0.96337
1.08067
0.954159
1.05914
0.931056
0.877001
1.01504
1.0948
1.08176
0.891822
0.842242
0.975041
0.958542
1.10403
1.05527
0.910975
1.17627
0.856146
1.15239
0.988185
0.958594
0.981519
1.08277
0.984868
1.05347
1.00663
0.812394
0.997487
0.923894
1.0472
0.919759
0.999047
1.02681
0.884832
1.02013
0.894035
1.18289
0.928267
0.889539
0.980357
0.944488
0.894554
0.873526
0.881997
0.849958
1.04442
0.961362
0.977638
0.942353
1.14202
1.18825
0.950757
1.07311
1.18762
0.92138
0.993611
1.01859
0.962581
1.03228
0.844652
0.801221
0.929978
1.06723
0.933964
0.884651
1.07969
1.0526
0.910088
1.06928
0.921589
0.968186
0.837153
0.960669
1.03778
0.84781
0.869735
0.980633
1.10265
0.873953
0.983023
1.11396
1.03165
0.954166
0.92574
1.0229
1.02116
1.14537
1.01046
1.06797
0.901879
1.01697
0.919314
0.817399
1.10029
1.00939
1.05681
1.05098
0.993373
0.851593
1.16507
0.971605
1.0007
1.10996
0.964663
1.09798
0.950299
1.02545
1.05212
0.832115
0.833188
0.927628
0.962069
0.974019
0.898707
0.978317
1.111
0.951759
0.966006
1.07619
1.15131
0.950862
0.948948
1.04009
0.984078
0.848737
1.04037
0.923764
1.06046
0.858163
0.976413
0.830818
0.911084
0.887891
1.11757
1.10755
1.04534
0.885039
0.955273
1.10851
0.978623
1.15226
1.00834
1.19396
0.850396
1.1014
0.913612
0.942022
0.916525
1.01848
1.05491
0.986984
1.12797
0.947125
1.08158
1.07208
1.07018
1.11142
1.1212
1.01583
0.955023
1.03308
1.03664
0.888726
1.10715
1.01195
0.901719
1.14964
1.1407
0.941751
0.933481
1.0854
0.921503
1.06269
0.804946
1.02364
1.00255
0.902468
1.02572
0.862818
1.01665
1.00685
1.05296
1.02481
1.02585
1.13458
0.878436
0.920358
0.935285
0.960496
1.10483
1.03622
0.992821
1.0854
0.884641
0.928402
0.981603
0.996332
0.930824
1.0008
0.991536
1.08228
0.942023
1.01463
0.959565
0.908441
0.961366
0.960049
1.075
0.794461
1.07317
0.962124
1.07597
1.06038
1.12572
0.848554
0.953252
0.919016
1.05825
1.08798
0.931534
1.1342
0.946217
0.829778
1.09103
0.928983
0.926443
0.925383
0.913213
1.03639
0.845299
0.904882
0.985566
0.986502
0.994956
0.999564
0.897213
1.20334
1.15446
0.876097
1.11418
1.20149
1.18585
0.929917
0.965461
0.992471
0.979811
0.941581
0.973162
1.0865
1.12579
1.02343
0.900037
1.04763
0.910457
0.887382
1.0081
0.887988
1.09017
1.06581
0.925791
0.963392
0.897173
1.04857
1.10801
0.874008
1.08767
0.936774
1.08155
1.08734
1.13435
0.929792
0.915178
0.888924
1.10282
0.950505
1.02052
1.0685
0.907535
1.03788
1.13669
1.12753
0.834296
1.0101
1.02964
1.05452
1.13211
1.02302
1.01767
0.857917
1.01602
1.20608
1.05569
1.11308
0.939128
0.928608
1.10418
0.796592
1.27092
0.717551
0.886901
0.872457
1.02272
0.977371
0.892719
0.843974
1.18753
1.17582
1.23041
1.09038
0.896437
1.08608
1.09308
0.977049
0.882467
0.956697
0.939664
1.2181
0.999789
1.04013
0.980012
0.896816
0.93836
0.92327
1.20969
0.996073
0.964077
0.929399
1.10017
0.943707
1.1192
0.990138
0.933454
0.824911
1.02029
1.10104
0.920101
0.977295
1.01277
0.940099
0.993033
1.08492
0.770497
0.949537
1.11238
0.993105
0.884552
0.835332
1.04312
0.936822
0.980596
1.09377
1.16174
0.702912
1.07892
0.906577
0.941871
0.896442
1.09414
1.00163
1.01376
0.945232
1.08332
0.981887
1.0319
0.933565
1.04133
0.870983
0.98638
0.991343
0.897466
1.03372
0.993366
0.893153
1.0039
0.846884
0.959924
0.964074
0.846413
0.99752
1.06517
0.892312
1.03039
0.994205
1.05451
0.94729
1.16941
0.962331
1.07443
1.07866
1.04237
1.04111
1.15872
0.921916
1.01259
1.03227
0.857239
0.922461
0.936751
0.889154
1.0101
1.02038
0.895725
1.00898
0.821871
1.03454
1.07439
0.997802
1.10415
0.744428
1.00727
1.06579
1.06965
1.12194
1.09726
0.850527
1.11366
1.03404
0.935802
1.15944
0.901079
1.03321
1.05613
0.917989
0.92459
1.06351
0.922261
1.07494
0.928374
0.937106
0.917041
1.00315
0.999852
0.876437
1.11765
0.951994
0.932673
1.05391
1.03831
0.986255
1.02213
0.917847
0.906885
1.03708
0.955927
0.968639
1.12102
1.24061
0.865765
1.00045
0.971314
0.996828
0.963865
1.04271
0.876997
0.946119
1.05291
1.04209
0.942711
0.92428
0.877033
0.869142
1.02724
0.996088
0.950841
1.15692
1.04462
0.817791
0.820661
1.07555
0.885551
0.967891
0.952554
1.00895
0.914793
0.999627
1.06096
1.22692
1.02774
1.09727
0.892618
1.00233
0.993752
0.915551
0.929344
0.897549
0.886096
1.10488
0.892766
1.21222
1.03863
1.21737
1.13929
1.0028
1.04768
0.947997
1.06384
0.924335
1.0264
1.05045
1.0452
0.857268
1.07292
0.974337
0.900069
0.953134
1.0835
1.08308
1.22992
1.08023
0.995981
1.04435
0.962207
0.986419
0.939318
1.14248
1.11279
0.962363
1.03878
1.0013
1.02338
1.03719
0.733648
0.940392
1.14117
0.996685
1.04094
0.944706
0.792348
0.943237
0.966749
0.913322
1.2608
1.07365
1.04908
0.803125
0.944448
0.897824
0.914738
1.08083
0.932927
1.05026
1.06598
0.997525
1.01402
0.929747
0.964939
0.862917
1.01848
0.961888
0.996638
0.795331
1.05944
0.935702
1.10367
0.944621
1.11687
0.909799
1.02361
1.01695
1.04776
0.88749
0.922419
0.994138
0.998476
0.951276
1.02578
1.10354
0.988648
0.893779
1.0861
0.961888
0.917492
1.002
0.936431
1.10617
1.09826
1.06562
1.12645
1.02299
1.10898
0.988502
0.840621
0.958598
1.10467
0.941431
0.952566
1.10669
0.869841
0.916958
0.954357
0.864506
0.977422
1.13231
0.979403
0.935391
0.939307
1.21033
0.972661
1.04479
0.848199
0.949726
0.872434
0.923941
0.954476
1.00683
1.04123
1.09302
0.865343
0.922095
0.744318
1.02926
0.949881
0.947971
1.0669
0.932801
1.1098
0.905865
1.09937
1.14944
1.06747
1.08659
1.13949
0.843143
1.09404
0.997734
1.06199
1.00702
1.00467
0.941547
0.915198
1.04264
1.01915
0.915618
1.16645
1.02316
1.14729
0.982298
1.03173
1.02482
1.08715
1.07524
1.01342
1.00997
1.074
1.07592
0.850348
1.1666
1.00434
1.04514
1.00888
0.986423
0.949989
0.904143
1.01925
0.928818
0.894287
1.0195
0.985641
1.07648
1.19339
1.06703
0.858406
1.05985
1.10443
1.19477
1.01774
0.897412
1.03023
1.04457
0.860352
0.906651
0.998248
0.834191
0.953366
1.00489
0.980262
1.19118
0.993143
0.924931
1.08538
0.828004
1.11025
0.954231
0.942274
1.17476
1.10502
1.08217
1.00429
1.07775
0.891262
0.944294
1.08408
0.957819
1.11797
0.988348
0.948153
1.12228
0.917083
1.15138
1.01818
0.920396
0.915748
0.909674
1.00872
1.01536
1.15734
0.788841
1.10253
1.057
0.99427
0.967889
0.928767
1.04464
0.991762
1.03777
1.15577
0.973511
0.938549
1.06363
1.13855
1.0943
0.903496
1.15682
0.803021
1.05839
1.21643
1.00387
0.965322
1.06126
0.969692
1.06685
1.00935
1.11935
1.02514
1.04691
1.02444
1.05355
1.02731
0.772595
1.00094
0.969721
0.991758
0.982319
1.11634
0.990724
0.909523
0.953174
0.806488
0.879011
1.14981
1.09142
0.905721
0.870163
0.914331
1.04592
0.977336
1.08796
0.902445
0.945517
1.11474
0.822869
1.03456
0.894738
1.1778
0.97113
0.992162
0.856505
1.01062
0.904376
0.976957
0.906913
1.07931
0.945495
1.02679
0.970153
0.958327
1.11025
0.876626
0.812892
1.01204
1.06215
1.03218
1.03735
0.909024
0.960531
0.956741
0.983201
0.923998
1.10264
0.931336
1.09404
1.00381
1.06865
0.846713
1.00057
0.926981
0.983094
0.777889
1.07118
1.06954
0.936823
1.10578
1.08547
1.03767
0.864832
0.853449
1.09546
1.19144
0.954106
1.06466
1.02126
1.05482
0.924619
1.11941
1.08262
1.15415
0.976507
1.16133
1.01426
1.1364
0.963244
1.11288
0.738716
1.08685
1.00725
1.07105
0.977103
0.909924
1.0171
0.914604
0.941176
0.978363
0.959096
1.06316
0.867497
1.08342
1.12549
1.12949
0.940659
0.909299
0.972
0.972624
0.891118
1.14169
1.05787
0.924198
1.04681
1.03814
0.997368
1.07313
0.943591
1.0926
0.85415
1.08351
1.07225
1.02491
1.13126
1.17939
1.06571
0.902552
1.12868
0.975853
0.837667
1.1721
0.978911
0.932059
1.0856
1.08012
0.963348
1.10068
0.830352
0.957542
1.09766
0.886154
1.26513
1.06355
1.04166
0.800423
0.975094
0.886214
0.864312
1.05797
0.991423
0.899233
0.923901
1.07387
0.983352
1.07667
0.968776
1.00877
1.06939
1.05768
0.828604
1.12046
1.00094
0.962617
1.03277
0.915023
1.0355
1.04331
0.904181
0.954813
1.06951
1.05152
1.10486
0.896778
1.02374
0.970593
0.818343
0.964618
0.988786
1.08773
0.949907
1.06372
0.970468
0.847903
1.01017
1.00135
0.953238
0.983795
0.880441
0.998016
1.02064
0.967692
1.08923
0.784821
1.10366
1.03668
0.930037
0.980584
1.08622
1.03509
1.03983
0.853588
0.985879
0.779323
0.955105
1.01349
0.855781
0.909685
1.06084
0.97587
0.948519
0.944003
1.10996
0.975529
0.924624
0.889571
0.828608
0.867037
0.974916
0.978028
0.910755
0.984136
1.13325
0.924611
1.0319
1.04905
1.0279
0.995992
0.924038
1.01361
1.02071
0.928411
1.16655
0.992581
0.995993
0.962729
1.0267
0.874397
0.926228
1.16176
0.921507
1.18185
1.08967
0.893539
0.879198
1.05061
1.21173
1.18085
0.996077
0.938207
0.82684
0.99352
0.847816
0.979789
0.979001
0.835245
0.981164
0.955185
1.00488
0.858916
1.01201
1.00081
0.988183
0.892892
1.0292
0.951856
1.02559
1.05927
1.08219
0.873062
1.21856
1.14023
1.07981
0.959793
1.14224
1.0611
1.01903
1.12377
1.01929
0.827504
1.10921
1.01637
0.887291
1.08017
1.00338
1.05529
1.01493
1.13418
1.04981
0.824922
0.954859
1.03124
0.97407
1.05893
0.852208
0.877849
1.19858
0.934276
1.04109
1.05368
1.13268
0.99956
0.864621
0.917354
0.776538
0.977153
0.736959
0.974227
1.25329
1.12164
1.12869
0.849763
1.08222
1.16298
1.03366
1.21835
0.776063
1.10346
1.01035
1.05975
1.02445
0.934278
0.977652
0.909991
0.972221
1.07911
0.920361
0.896156
1.0597
1.13703
0.998406
1.0684
1.0304
0.920885
1.07012
0.87583
0.996493
0.944916
0.953578
1.02704
0.929839
1.03562
0.860008
1.13277
1.01465
1.15993
1.05785
0.774522
0.960734
1.00675
0.943388
0.781912
1.05687
1.03582
1.13561
1.19786
1.06924
1.11175
1.05987
0.942869
0.991701
1.08497
1.11218
0.989349
1.07308
1.10663
1.1078
1.06583
0.986674
0.844552
0.977108
1.14258
0.878518
1.02747
0.901559
0.826798
1.04178
1.02692
1.10115
1.05861
1.00755
1.02705
1.01927
0.928593
1.15688
1.1872
1.1896
0.913676
1.13393
0.970617
1.00307
0.984013
0.928274
0.907813
1.1668
1.20363
1.0108
1.00456
0.765093
1.0014
0.979526
1.13629
0.985626
0.972238
1.10998
1.03961
0.886411
1.04807
0.903023
0.818676
1.0447
0.982797
1.02439
0.994558
1.04289
0.989917
1.02983
1.05915
0.924921
1.08403
1.05961
0.985692
1.06532
1.05249
1.16531
0.918887
0.855858
1.00578
1.03128
0.822008
1.00171
1.05722
1.091
1.0446
1.12322
0.999547
1.03796
1.0002
1.04727
0.887184
0.903661
0.916647
1.13045
0.799757
0.872072
0.961519
0.965322
1.02276
1.04569
0.846211
1.1594
1.04
0.868293
0.868744
0.964615
0.934283
0.926019
0.882058
1.04642
0.892556
1.01381
0.950444
0.869107
1.00841
0.962884
1.00519
1.15211
1.10239
0.971584
1.02907
0.866075
0.963168
1.21429
1.14083
0.964658
0.857221
0.868912
0.929088
0.911035
0.885721
1.02369
0.851491
1.11405
1.11385
1.02012
0.951788
1.03949
1.19079
0.878267
1.06749
0.97927
1.02428
0.963257
0.919958
0.994448
1.06724
0.995592
0.953634
1.15132
0.944158
1.06787
0.972914
1.04511
1.06883
0.935687
0.919686
0.874669
0.944952
0.931196
1.03825
1.0383
0.991721
0.950148
0.886204
1.01385
0.749509
0.863236
0.977954
1.07025
1.0151
1.17031
1.03786
0.914612
1.18235
1.17361
0.882057
0.949666
0.932254
1.06181
0.971482
0.899319
1.01895
1.07611
0.922138
0.832262
0.846143
0.987686
0.853271
0.886764
1.02606
0.955871
0.815948
1.14293
1.03839
0.997017
0.943466
1.08838
1.04702
1.11191
0.876932
0.880228
0.962966
0.791086
0.960779
0.981183
1.03189
0.677818
0.987993
1.02968
1.0003
1.05621
0.894266
1.05729
1.06451
0.818891
0.985606
1.01531
1.06309
0.952692
0.895529
0.812089
0.972427
1.05852
0.813863
0.854338
1.01108
0.899859
1.07374
1.00998
0.910603
0.983927
1.24033
0.850999
0.890692
0.88559
0.862535
0.931074
0.744817
0.84711
1.05481
0.956391
1.12015
0.980193
1.12989
0.932266
1.03688
0.861531
0.849163
0.996929
0.998383
0.950077
0.713314
1.10821
1.00914
1.12972
1.25126
0.923746
0.889335
0.929254
1.09461
0.983315
0.828437
0.975137
0.911531
1.06498
1.11852
1.09476
0.884486
0.871123
0.969653
1.0718
0.843938
1.16323
0.937851
0.966314
1.12387
0.973984
1.08656
0.914357
0.917456
1.16406
1.12015
1.0856
0.906794
1.2143
1.01153
0.943198
0.963262
0.996843
0.888843
0.876833
0.948448
0.904633
0.938187
1.07037
0.880533
1.09514
0.869161
0.807824
1.01975
0.949421
1.05363
0.941188
1.06474
0.927432
0.990792
1.02781
0.917312
0.977458
0.872536
1.01782
0.928991
0.930684
0.958471
0.952448
1.0169
0.976861
0.893938
0.959979
0.882119
1.08367
0.960635
1.0412
1.05445
0.974666
1.06297
1.09223
1.09865
1.01464
1.05316
1.02492
1.01251
0.969976
1.01303
0.888699
1.02424
0.993924
0.899471
0.923434
1.11151
1.04231
1.06086
1.16707
1.00187
1.01379
0.943515
1.0205
1.15369
1.02387
1.10204
1.00395
1.0281
1.01581
0.954008
0.947189
1.13298
1.04197
0.907626
0.922728
0.912381
1.03892
1.03017
1.09857
0.999819
0.931217
0.956781
0.90876
1.07475
0.974393
1.02078
0.819891
0.905908
0.987338
1.07293
0.999266
0.658468
1.07432
1.14903
1.05206
1.21036
0.800508
0.948313
1.01288
1.14494
1.11192
1.02611
1.02593
0.990557
0.996046
0.877769
1.05001
1.05256
0.997227
0.810289
1.07374
0.934332
0.873916
1.07724
0.910393
0.926919
0.906963
1.16306
0.888916
1.08075
1.21704
1.0293
0.883807
1.08279
1.00944
1.09916
1.00318
1.00352
0.960008
1.0493
0.912198
1.02864
0.966643
0.965291
1.06958
0.878413
0.951266
1.0553
1.02042
0.953608
0.835373
1.00147
1.15678
1.04536
0.810587
0.986258
1.03655
1.054
0.869438
0.995445
1.15812
1.03794
0.843964
0.983869
0.991501
1.18642
1.02674
1.24683
1.09186
0.905917
1.20392
1.03423
0.995617
0.995394
0.980418
0.996472
1.02534
0.933324
1.1688
0.977032
0.974126
0.880079
1.07462
0.995502
0.964439
0.968953
1.04113
1.02253
0.957852
1.0564
0.981479
1.06779
0.991983
1.03273
1.14109
1.01381
0.997704
0.924788
0.789843
1.0244
1.02791
0.852072
1.08572
0.949176
0.952923
1.21022
1.04521
1.10682
1.13857
0.918831
1.05622
1.00595
1.15356
0.964314
1.03979
1.13594
1.02201
0.865197
0.768873
1.00883
0.957174
1.07724
0.971074
0.905931
1.25273
1.00036
0.888059
1.0108
0.994424
0.873759
0.924827
1.15488
0.959848
1.00677
0.879731
0.923188
0.93813
1.06811
0.933363
1.00721
0.933327
0.970053
1.0465
1.24335
0.831807
0.966025
1.12445
1.21129
0.991696
0.974402
1.09119
0.885266
0.899593
1.00136
1.06105
1.04552
1.0235
1.11831
1.09314
0.969933
0.99717
0.876572
1.04979
0.940683
1.01244
1.00812
1.15134
1.06572
1.05539
1.13705
0.967063
0.996348
0.866391
0.920337
0.902707
0.986118
0.978593
0.980745
0.938448
0.820327
1.06614
1.01447
0.895211
1.11723
1.12731
1.04575
1.03101
0.900709
0.917822
0.994284
0.866453
0.940831
1.08091
1.06072
1.01351
1.10647
0.951114
1.07318
1.00696
0.907496
0.894093
0.913417
0.994355
1.02682
0.923429
0.908328
1.05407
1.00099
0.912219
1.01471
1.13095
0.981563
0.937777
0.949336
1.08897
0.858697
1.06809
1.03232
1.03599
0.826157
1.05555
1.04081
0.970336
0.762172
1.10645
1.08729
1.05097
0.967513
1.0937
0.880328
1.07874
1.03937
0.968139
1.08066
1.04259
1.05768
0.919578
1.12771
0.927312
0.892517
0.902429
0.850836
1.12685
1.05057
1.09547
1.12839
0.887462
1.04232
1.11873
1.00064
1.13848
1.08275
1.14087
1.06189
0.998121
0.968619
1.10474
1.11828
1.03145
0.98733
1.00099
1.05504
1.10537
0.865409
0.953001
0.869104
0.867443
1.11183
1.09527
1.05596
0.946937
1.0048
0.983504
0.982714
0.759197
0.950035
1.00006
0.810008
0.951981
1.01719
1.04122
0.984347
1.12387
1.04148
0.887728
1.14873
1.17482
1.07528
0.95024
1.18377
0.950911
1.10112
1.08908
0.997939
0.994736
0.894266
0.907968
0.912715
0.995347
1.02804
1.10615
0.920203
1.0004
1.01378
1.02322
0.902748
1.22713
1.00246
0.953626
1.10727
1.01836
0.925819
1.04703
0.950979
1.00758
0.883042
0.852689
1.06135
0.980949
1.13364
1.04805
0.910893
1.17941
1.14753
0.986824
0.947697
0.918361
0.779066
0.942381
1.21883
1.1531
0.829127
0.956811
0.877963
1.18847
1.00998
1.0331
0.811895
1.02784
0.905665
0.865659
1.11845
0.963222
0.896671
1.02124
1.20288
0.926102
1.03975
0.984414
1.15498
1.03781
1.0966
1.02487
0.966987
0.992406
0.918969
0.909523
1.06339
1.03908
1.05995
0.946206
0.884968
1.00488
0.952555
1.17571
1.14304
0.877326
1.11827
0.959366
0.884922
1.09207
1.12512
1.00144
1.10615
0.966317
1.10643
1.04531
0.951775
1.01665
0.998554
0.831857
0.949888
0.945996
0.889387
1.0741
0.868824
1.04313
1.04015
0.855643
0.902141
1.02233
1.1252
1.24524
1.08741
1.16325
1.09078
1.17325
1.00026
0.810508
1.01206
1.05391
1.09309
1.11948
1.16067
1.12223
1.00769
0.965
1.05961
1.08786
0.975181
0.969447
1.01099
0.896298
0.922994
1.08199
1.01155
0.899111
0.949183
0.964788
0.959103
1.09902
1.06052
1.11696
0.993172
1.07625
0.949997
0.867632
1.1094
0.878532
1.22303
0.907835
0.945321
1.0852
0.825677
0.898261
1.08114
1.13613
1.00456
0.862588
0.968372
1.12059
0.966338
0.951941
1.14628
0.962129
1.13808
0.938642
1.10103
1.21238
0.919589
1.12551
1.13006
0.929436
1.0225
1.10105
1.01563
0.919541
0.912814
1.04545
0.933284
1.06749
0.873665
1.14379
0.917187
1.02842
1.08188
1.16831
0.873678
1.00793
1.06826
1.03572
1.00929
1.10391
1.06477
0.917392
1.04857
0.958368
1.08059
0.890402
0.929191
1.11218
0.951596
0.920732
1.13365
1.09506
1.03377
1.01164
0.887016
1.07806
1.0324
0.907658
1.08896
1.04174
0.918611
0.964316
0.975963
1.00021
0.908448
0.812233
1.07577
1.06517
1.02723
0.818213
1.1187
1.09252
0.966998
0.948421
1.04472
0.829416
0.937545
1.0984
1.00585
0.998672
1.11587
0.920804
1.11081
0.931867
1.06871
0.967352
1.00022
0.779143
1.05132
0.940263
1.11742
0.974951
1.01308
1.04482
0.9607
1.11466
0.905923
1.03753
1.16765
1.01791
0.939564
1.05385
0.946876
1.14507
1.13087
0.770342
0.905569
1.15159
0.984405
0.834283
1.10068
0.887858
0.864957
1.09727
1.22022
1.12594
0.907114
0.987209
0.933293
0.965361
0.891293
1.01221
0.911418
1.10207
0.779991
1.0212
1.06934
1.11997
0.873938
1.03763
1.12308
1.14921
1.0214
0.977684
1.19566
1.09791
1.00912
1.07099
0.971382
1.03787
0.936263
1.05598
0.829056
0.882265
0.956014
0.827157
1.13371
0.985855
1.03899
1.07146
1.01282
0.869556
0.978121
1.00059
0.861927
0.846906
1.08527
0.999834
1.03063
1.04936
0.931162
0.859324
0.911112
1.17666
1.04994
1.07385
0.822202
0.975447
0.940761
0.971039
0.893651
0.956935
0.907716
0.985274
0.927074
1.05124
0.817954
0.859091
1.01326
0.862541
0.957743
1.00577
0.964742
1.19161
0.972594
0.883369
0.961749
1.14486
1.05827
0.940866
0.93319
1.19472
1.13626
1.0396
0.991823
1.02673
0.806697
1.02944
1.00207
1.00909
1.03538
0.801532
1.01397
1.00344
0.978431
0.987614
1.00194
0.784851
0.911881
1.11272
0.821408
0.814726
1.13047
1.02208
1.07778
1.01942
0.863432
1.01991
1.00658
1.09333
0.746666
0.904733
1.13795
0.993495
0.822708
0.943637
1.05864
0.935506
1.0894
1.00383
0.958499
0.885971
1.00423
0.925051
0.862062
0.977055
0.903125
0.931963
1.08103
0.853507
0.997133
1.01907
1.06945
1.06939
1.08307
0.971898
1.03862
0.909694
0.870734
0.726181
1.12511
1.15843
0.958189
1.0518
0.962157
1.02979
0.925076
1.15128
1.01446
1.09221
1.00629
1.03206
1.00149
0.966001
1.10723
1.05081
1.0667
0.960835
1.06006
0.93909
0.934884
0.885782
0.903077
0.976849
1.00495
1.16359
1.04819
0.988762
0.972728
1.08026
1.01635
1.03667
0.967797
0.863183
0.989152
1.10238
0.793043
0.947166
0.935072
1.02387
0.972372
1.15718
1.05867
0.943164
1.01917
1.11194
1.13813
1.02424
1.13718
0.821481
1.06289
1.12827
1.2053
1.06819
1.03814
0.877902
1.1502
1.16246
0.972594
1.17138
1.12537
0.967127
0.891291
1.08674
1.05744
0.954843
0.868533
1.02473
1.14106
0.998704
0.946907
0.914218
1.07971
1.07542
0.972334
1.02204
0.837381
0.979857
1.13393
1.08497
0.978206
0.818038
0.949694
1.09478
1.13846
1.05568
0.933281
1.10821
1.07934
1.00987
0.899348
0.908388
0.970895
1.00672
0.972552
0.994864
1.05568
1.07675
0.933967
1.06171
0.972811
0.895415
1.0769
0.887247
1.09052
1.0578
0.876328
0.960904
0.959361
0.844322
1.03776
1.06534
0.907497
0.890986
0.907284
0.934635
0.993467
1.06022
0.931205
1.00081
0.977209
0.991338
1.09519
1.1186
1.09256
1.03955
1.05891
0.883281
0.918591
0.868561
0.953694
1.10547
0.95282
1.08193
0.906003
0.93989
0.992251
0.952573
1.01509
0.940682
0.90154
1.03701
0.950987
0.959299
1.18685
1.02339
0.938532
0.923622
0.974343
0.989585
0.996297
0.982877
0.86549
0.765921
1.01976
0.964021
1.01718
0.85527
0.897622
1.01782
1.05062
0.905748
1.12624
0.925473
1.00944
1.01006
0.971525
1.02893
1.13125
1.11404
0.867745
0.973346
1.06914
0.984845
0.963874
0.873255
1.05022
0.988381
0.926658
0.803455
0.991152
1.01287
0.937914
0.931616
1.12086
0.939008
1.00646
0.904974
0.916338
0.993952
1.03235
1.11944
1.05005
0.934893
0.846995
0.967076
1.07709
1.10294
1.01415
1.09027
1.00448
0.921722
1.02508
0.916718
0.934226
0.979387
0.940011
0.904049
0.967571
1.09587
0.821692
0.967521
1.11791
1.02599
1.01843
1.0356
0.763203
1.03791
0.993685
0.943506
1.07316
1.03574
0.875774
1.01536
1.01648
1.0142
0.850237
1.05875
0.960233
0.916263
0.93513
0.976767
0.953074
0.815568
1.09191
0.889322
1.17053
1.02055
1.14979
0.973618
0.915452
0.958733
1.07315
1.04499
0.905351
1.19349
1.0461
1.04706
1.25431
1.03672
1.12217
1.00608
0.97504
1.06564
1.01079
1.22899
1.05125
0.912244
1.09504
1.051
1.09579
1.05609
1.10157
1.14767
0.885734
0.830723
1.04593
1.00419
1.0975
1.07603
0.925892
0.907104
1.05658
0.95829
0.956531
1.123
1.04912
0.983615
0.937586
0.990758
1.05976
1.02682
0.866196
0.783002
0.901382
1.14997
1.08846
1.28026
1.05547
1.04448
1.00562
0.932137
1.0234
0.885972
0.822984
1.01316
1.05782
0.808764
1.11348
1.11823
0.977126
0.9834
0.923402
1.21583
0.921211
1.25418
1.02193
1.03653
0.963306
0.948336
0.878326
1.19976
0.988931
0.904816
0.861973
0.971535
0.878673
0.946316
1.00131
0.83556
0.763556
0.978374
1.02735
1.03488
1.04545
0.894338
1.04361
0.876106
0.951003
0.968041
0.838919
0.961059
1.05538
0.956042
0.893658
1.09849
0.847874
0.901278
1.01301
0.922789
1.13997
1.08811
0.665164
1.03902
1.00566
0.977444
1.05569
0.862212
1.1204
1.07494
1.17843
0.980176
1.11367
0.962759
0.930657
0.964261
1.02539
1.12061
0.886775
1.00848
0.922664
1.00993
1.07802
1.04855
1.00229
0.849653
0.947256
1.04489
0.951569
0.83111
1.07603
1.02858
1.08154
0.814756
1.08581
0.935049
0.78352
0.994699
1.13238
0.940748
0.994972
1.08582
1.02543
0.785753
0.87215
1.11919
0.924149
0.946587
0.9161
1.29571
1.02181
1.07412
0.884225
0.941314
1.00785
0.853701
1.07112
1.02918
0.963542
1.09119
1.07131
1.08196
1.06061
1.01512
1.05623
0.896465
0.934562
1.06489
1.00706
1.25418
1.16349
0.842903
1.02286
0.986818
1.10866
0.977895
1.03017
0.897449
1.13132
1.00667
0.930355
1.19293
1.10157
1.02764
1.00097
1.01522
0.997207
0.99058
1.08912
0.901307
0.909837
0.927027
0.940862
0.798257
0.956423
1.08793
0.961516
1.01531
1.13874
1.00005
0.933713
0.944444
1.04576
1.14579
0.991738
1.07991
1.03191
0.881903
1.05848
0.991748
1.0876
1.18985
0.928806
0.942394
1.01262
0.97926
0.985351
0.908154
0.918269
0.774765
1.09114
0.900582
0.807863
1.03405
0.740752
0.932478
0.965207
1.1634
0.967144
0.968781
1.06759
0.928874
0.984542
0.943952
0.953912
0.984828
1.15869
0.933512
0.937111
0.830819
1.0447
1.04363
1.00547
0.998056
0.931174
1.03682
1.01998
0.872611
0.994851
0.934744
0.830932
0.978277
0.979908
0.967388
1.12459
0.907799
1.09018
1.0432
0.938751
0.817402
0.874426
0.909173
1.05007
0.926167
0.997899
1.10384
1.01384
0.947657
1.22608
1.1171
1.1651
1.02235
1.07781
0.882893
0.917804
1.11858
1.01489
0.852762
1.02649
1.0406
1.11375
0.868244
1.08782
0.880126
1.02119
0.970971
0.954614
0.881813
0.948246
0.895357
0.924472
1.08585
0.892007
1.11558
1.00993
1.06343
1.01635
0.984515
0.999963
1.09647
0.871987
1.0342
0.972446
0.985354
1.07765
1.13751
0.906049
1.03295
0.987866
1.08627
1.06812
1.17593
0.907309
0.941067
1.05203
0.940643
1.01302
0.833937
1.08899
0.880571
0.953068
1.05936
1.05545
1.07555
1.05005
0.885066
1.09622
1.02397
1.27236
1.17026
1.19188
1.06603
0.776204
1.07064
1.05411
0.968611
0.914048
0.930374
0.937193
1.0341
1.01342
0.874988
1.07822
0.851501
0.915936
0.9698
0.964629
0.838742
0.848256
0.979114
1.16055
1.15374
0.977316
1.10931
1.07975
0.95637
0.957965
0.940463
1.04505
0.864107
0.920341
0.983446
1.0886
1.07176
0.897986
0.921629
0.889654
1.10189
0.919315
1.07518
1.25002
1.0374
1.01819
0.947173
1.12229
1.00382
0.95984
0.93821
1.03289
1.14178
0.935721
1.12422
0.974481
1.08552
0.989373
1.07414
0.951362
0.961169
0.994731
1.13357
0.903887
0.950703
0.916796
0.961627
1.05417
1.05172
0.992926
0.962343
0.976435
0.891301
1.05695
1.18797
1.05987
1.02458
1.01046
0.799036
0.889886
1.03042
0.971248
1.1089
1.00136
0.893342
0.927233
0.934297
1.09374
1.0225
0.926161
0.857156
0.917365
1.08424
0.822999
0.991025
0.900424
0.987344
1.10775
0.845639
1.05255
0.892437
1.03153
0.964236
1.06076
1.07159
0.970541
1.0031
0.851665
0.919529
1.02223
1.11713
0.978377
1.04961
0.803966
1.02219
0.983527
1.15426
0.940809
1.01639
1.06487
0.93035
1.06673
1.03037
1.10316
0.994786
0.793738
1.24264
0.928015
0.967981
0.972918
0.865014
0.882817
1.14731
1.15073
0.717655
0.906077
0.895307
0.945719
0.853868
1.04334
1.06303
1.19325
1.00997
1.08371
1.02051
0.707786
1.04491
0.928325
1.02265
1.09037
0.837795
0.959537
1.065
0.994522
1.05766
0.961476
0.979735
0.976707
1.00001
0.921531
0.980251
0.915973
1.03533
1.08819
1.16829
0.992835
1.09361
0.985342
0.984183
1.00199
0.972851
0.929021
0.857434
1.07091
0.964426
1.0611
1.07293
1.08052
0.950012
1.07649
1.07861
1.05093
1.00946
1.20217
0.921389
1.10542
0.92604
1.06204
0.872996
1.07447
1.1633
0.934776
0.936366
1.00032
0.99513
1.01974
1.02686
1.26546
1.05403
1.17349
1.22752
0.925527
1.00152
0.932694
1.03544
1.29826
0.919955
1.10139
1.07667
0.960446
0.992099
1.03434
1.07836
1.1001
1.02251
1.16631
1.1017
0.937568
1.04696
1.01275
0.949899
1.12742
0.803414
0.849116
1.01312
1.11206
1.0551
0.997149
0.82655
1.08344
1.08472
1.15921
1.03371
1.01761
1.04791
0.792546
1.02937
1.0477
0.995355
1.02975
0.907492
1.17396
1.08367
0.997533
1.07813
0.972137
0.955856
1.08177
0.947728
0.979686
1.07432
1.02611
0.989274
1.05858
0.990469
0.915874
1.10337
1.07506
1.0263
0.969656
1.1599
0.976282
0.931976
1.14842
0.978667
0.873524
0.903436
1.03094
1.18659
1.10787
0.885468
0.897802
0.980142
0.982767
0.894407
0.984685
1.03655
0.972907
1.19042
0.962025
1.0051
1.14039
1.0858
0.943776
0.96139
0.992838
0.973136
0.976424
0.909608
1.12349
0.937714
1.0231
0.985135
1.02573
0.953215
0.989969
0.811048
1.0383
0.887183
1.02038
0.909359
0.976438
0.919127
1.03929
1.0743
0.909968
0.981692
1.04505
0.940371
1.01245
1.06621
1.18991
1.05957
1.06714
1.00708
0.992309
1.03939
0.826293
1.17067
1.1642
1.01659
1.01196
1.00231
0.942615
0.94453
0.852011
1.04099
0.908405
1.05727
1.02622
1.09215
0.951003
1.00309
1.03058
0.911653
1.02949
1.13904
0.934961
0.990427
0.960203
1.05228
1.13558
1.13009
0.921558
0.919266
1.01128
1.12345
0.981338
1.2621
1.05113
1.19531
1.12161
0.891432
1.00768
0.995512
1.08773
0.985259
0.994516
1.04485
0.940802
1.03016
0.975837
0.942607
0.986219
1.09491
1.0076
0.850014
0.898679
0.983996
0.964619
1.06807
1.15015
0.911243
1.1473
1.01059
1.11885
0.913461
1.16795
1.0007
0.991821
0.925931
1.02686
1.06329
0.971128
1.02347
0.967582
0.923654
1.17082
1.09116
0.915806
1.08547
0.958225
0.964897
1.12238
1.01489
1.1214
0.93376
0.890214
0.967381
1.06309
1.09288
1.02452
1.10105
1.01621
1.07919
1.16801
1.0204
0.998103
1.05258
0.906975
1.07477
0.961834
1.02372
1.03888
0.899915
1.1217
1.18501
1.11663
0.971392
0.931022
0.951104
0.854107
0.952351
1.07586
0.891648
1.03042
0.892406
0.959217
0.96544
0.888066
0.904799
0.911839
0.997957
1.0432
0.945968
1.01935
1.0141
0.97909
0.895542
0.977133
1.028
0.86334
1.01302
0.98596
0.900673
0.963923
0.880533
1.09186
1.03825
0.953529
1.06665
0.948529
1.15578
0.951963
0.960403
1.12428
1.01557
0.876694
1.12426
0.946717
0.912783
1.05967
0.872815
1.16983
1.03651
1.08412
1.12851
1.12695
1.0153
1.11867
0.95545
1.03065
0.937579
1.08921
1.0835
1.04865
1.0065
0.958382
0.929989
1.22934
1.02851
0.983216
1.09082
0.978436
0.989633
1.02696
1.11653
1.1766
1.07223
1.0247
0.93752
0.957463
0.873413
1.09799
0.936881
1.07825
0.981763
0.923184
0.977354
1.01114
1.07071
0.930703
0.835335
0.935353
1.07426
1.07618
1.14685
0.993805
1.15423
0.975911
0.969006
0.895032
1.04037
0.870603
1.06548
1.06053
1.21413
0.833177
0.995206
0.928427
0.942146
1.05118
1.01511
0.871372
0.911603
1.01754
1.07197
1.0295
1.03722
0.852023
0.904275
0.979323
0.891507
1.06192
1.04715
1.02803
1.18793
1.0103
0.973037
1.05082
1.10516
0.917194
1.09472
0.957875
0.968062
0.936301
0.982479
0.955213
0.970033
1.04825
0.970486
0.941059
0.967738
1.20915
0.842856
0.924928
0.996775
1.03096
0.953853
1.06448
1.02184
0.799378
0.932837
0.942948
1.04853
0.983789
1.01027
0.961876
1.0385
0.968959
1.1224
0.979881
0.917653
1.005
1.05442
1.00575
1.09078
1.104
1.00101
0.828691
0.941381
1.06898
1.14328
1.08674
0.953643
1.01379
0.971129
1.1268
1.10109
1.23251
0.985582
0.838093
1.12372
0.926398
0.926459
0.881416
1.03426
0.930657
1.06783
0.950021
0.948101
1.0451
1.07919
0.961577
1.07246
1.06057
1.10269
0.990391
1.17031
1.05391
1.011
1.10884
0.730409
1.04512
0.916819
0.870602
1.00913
1.06319
1.13811
0.866238
0.92655
0.961682
0.915416
0.982374
1.09105
0.893932
0.982198
1.19047
1.09265
1.03733
1.15136
0.811385
1.04179
0.947916
1.1139
0.971432
1.04396
0.981284
1.04146
1.16669
0.963333
1.00319
1.04314
1.20036
0.927632
1.10041
0.970107
0.937986
1.07106
0.905403
1.00153
0.883874
1.01938
1.0553
1.00851
0.762533
0.952683
1.15373
1.01431
0.935756
1.08645
1.01222
0.966607
1.1513
0.918587
1.07652
0.873552
0.922389
1.14185
1.08242
1.01202
1.05805
0.931949
0.920526
0.950324
1.06011
0.950349
1.00747
0.975449
0.899655
1.16626
0.949164
1.0545
0.777264
1.01557
0.929704
0.990863
0.855257
1.09755
1.00745
0.927593
1.24596
0.991477
1.03031
1.05729
0.952392
0.902698
0.929019
0.943703
1.02631
1.08065
1.0439
0.915831
0.983089
1.04764
0.919731
1.03969
0.997269
1.11354
1.08343
1.0613
0.997481
1.04125
1.11942
1.01127
0.889094
0.967059
0.820713
1.03915
1.1013
1.20588
0.936466
0.980712
1.00086
0.929475
1.01772
1.04041
1.19967
1.01956
0.86154
1.01948
1.09853
1.03451
0.972164
0.918554
1.12929
1.04781
1.04342
0.923303
1.10476
0.920624
1.01469
0.891338
0.96814
1.1008
0.921434
0.872288
1.14986
0.83737
0.946078
1.0464
1.15632
1.05197
0.813856
0.923134
1.14336
1.06535
0.949338
1.02609
1.00846
0.901697
0.992086
0.907398
1.01722
1.10824
1.04805
1.0529
0.951894
0.985866
0.992037
1.13198
1.01828
0.926784
0.988293
0.941586
0.856346
1.01083
0.956011
1.04846
1.13022
0.930099
0.950662
1.23481
0.895331
1.15321
1.03904
0.831547
0.971873
1.20328
0.761651
1.04517
1.00613
1.14178
1.06154
0.952667
0.979131
1.0063
0.974655
1.12252
0.976518
1.02949
0.978816
0.878801
1.13897
1.03823
1.12546
0.882003
1.09582
0.909219
1.10343
1.11544
1.10807
1.01333
1.01584
0.944663
1.1359
0.939167
1.08331
1.03195
0.918035
1.08888
0.880392
1.09713
0.854011
1.15494
0.998619
0.994725
0.795985
0.791558
0.844141
1.02814
0.970651
1.01511
0.821147
1.10469
0.978605
0.819022
0.921161
1.19072
1.05454
0.920548
0.947027
0.924158
0.984989
0.999803
0.930282
1.14138
1.0796
1.04831
1.0179
1.04918
0.996799
0.993759
1.10343
1.09686
0.997226
0.947578
0.941548
0.873073
1.11686
1.10338
1.16384
0.941354
1.18352
1.04012
0.766002
0.963762
0.993143
0.831311
0.957424
0.934238
1.08218
0.969409
1.15205
0.886958
0.993672
0.844909
1.13779
1.06192
0.952362
1.08349
0.925009
0.9772
1.06804
0.949511
0.997576
1.00634
1.07266
0.891531
0.927394
0.926743
1.02003
1.01838
0.962093
0.953295
0.992525
1.02213
0.994328
0.898072
1.04566
1.01264
1.02648
1.01297
1.02016
1.01734
0.904559
1.03533
1.02227
0.900941
1.15672
0.794603
0.95205
1.09076
0.938592
0.980542
1.0193
0.994837
0.985784
1.12514
0.907306
1.06453
0.900988
1.19427
1.03122
1.0991
0.995895
0.966787
1.08355
1.10826
0.833875
0.974574
0.836737
0.974458
1.0132
0.922436
0.983148
0.959014
1.08707
0.982773
0.984831
0.912766
1.01287
0.925643
1.1391
0.916789
1.06449
0.866889
1.08326
0.810909
1.02853
0.971854
1.0254
0.987612
1.01404
1.10101
1.14077
1.13725
0.982525
1.15819
1.04778
1.01666
0.942834
1.05839
0.991306
0.992609
0.912633
0.96261
1.07557
0.981597
0.875424
0.929803
0.948194
1.07847
0.972409
1.01328
0.919905
0.861349
0.933555
1.07584
0.8569
1.07305
0.925783
0.966668
0.907489
1.2
1.02876
1.04015
1.11821
0.951492
0.862131
1.04294
1.02429
1.10144
1.20002
0.895728
0.892717
0.812838
1.09896
1.18208
0.991605
0.874404
1.01232
1.03986
1.00278
0.885528
1.06606
0.868606
1.04148
1.01534
1.02032
1.22186
0.927981
0.935115
1.22196
1.09124
0.752886
0.945654
0.887561
0.871904
1.20517
1.00108
1.07785
1.09068
0.976327
0.938405
1.09548
1.15573
1.05759
0.888004
1.11892
1.15012
1.09738
1.05259
1.07054
0.992456
1.03926
0.839424
0.997694
0.950426
0.829757
0.936648
1.04946
0.869674
0.834101
1.00476
1.06547
1.02703
0.897341
0.929522
1.05416
0.894979
1.0657
1.034
1.09913
0.934559
1.03878
1.04618
0.941077
1.00195
0.938122
0.953693
1.09603
0.927683
0.985233
1.01211
1.09132
1.06282
0.981229
0.836961
1.14312
0.851344
1.00538
1.01393
1.05264
1.08519
1.00005
0.987688
1.2016
1.03062
1.06705
0.959702
0.991197
1.24751
1.14014
0.844506
1.05213
0.926046
0.868363
0.844444
0.986219
0.967299
1.06859
0.97489
1.03692
1.11919
0.97324
1.10525
1.08382
0.982161
0.954424
0.874796
0.891694
1.04748
1.09995
1.20795
0.851635
1.04677
1.02003
0.998584
0.977729
0.95325
0.843003
0.952703
1.02646
0.954899
1.01853
0.938511
1.03385
0.984041
1.22515
1.10035
1.19264
0.97777
1.05136
0.876757
1.01831
0.954319
1.01276
1.09043
1.01646
1.05154
0.974007
1.02201
0.946938
0.957294
1.04051
1.01069
0.922477
0.94696
1.07715
0.986123
0.946952
1.10801
0.875588
0.991659
0.987611
0.930966
1.0464
0.904769
1.0254
1.04674
0.890347
1.12049
0.872482
0.944919
0.924728
1.09649
1.06574
1.12447
0.959333
0.797018
1.08197
0.930471
0.83145
1.01733
1.11541
0.940443
1.15838
1.01642
1.0437
1.09881
0.86685
1.08143
0.93434
1.00751
0.933943
0.84578
0.910129
1.18142
0.94761
0.969408
1.08551
1.01172
1.19467
1.05802
1.03152
0.911325
1.16537
1.14171
0.846288
0.885562
0.982857
1.01316
1.02319
0.955792
0.936283
1.1758
1.06755
0.936493
1.00551
1.05999
0.941359
0.905919
0.928256
0.992138
1.00671
1.02504
0.901098
1.08922
1.17964
0.845009
0.935752
0.876267
1.11808
0.945134
0.923616
1.12697
0.903032
0.935926
1.06786
0.864077
0.886206
1.0455
1.01361
0.897372
0.976346
1.11837
1.01029
1.07687
0.916244
0.972508
0.931411
0.806598
0.993162
1.06715
0.924683
0.953708
0.944395
0.923047
1.03204
0.905449
1.03503
0.924101
0.893976
0.868445
0.961828
1.10437
0.834812
1.19318
1.02333
0.929366
0.896969
1.06976
1.12795
0.942478
1.11002
1.06363
1.10038
0.971221
0.843227
1.07146
1.14534
0.937658
1.05802
1.02288
0.847163
1.013
1.00275
0.955539
0.942923
1.09195
0.943831
0.926219
0.998773
1.03721
1.11437
1.08007
0.832812
0.977581
1.08111
0.996944
0.863762
1.02284
1.14832
1.1527
1.01263
0.873729
1.19652
0.888777
1.02802
1.02828
0.967942
0.888559
0.898986
0.909139
0.941638
0.950987
1.04719
0.978606
1.08466
0.936387
1.06222
1.03513
0.976763
1.11369
0.799974
1.02914
0.891615
1.07989
1.14484
0.975311
1.0333
0.975788
1.00757
1.03043
0.817177
1.00646
1.05173
1.12837
0.971096
0.958134
0.922792
1.00413
0.956984
1.10514
0.923183
1.00011
0.961885
0.944465
0.934818
0.986782
0.956791
0.836528
1.06138
1.05992
1.03571
1.04645
1.0015
0.919534
0.921547
1.04132
0.916018
1.11976
1.12728
1.05503
0.891484
0.996205
1.0435
0.878165
1.06286
0.823998
0.859588
0.900237
0.851407
1.05325
0.914697
0.872321
0.994934
0.923729
1.07334
1.0194
1.0123
0.824038
0.854917
0.815241
0.988392
1.17672
0.743512
1.01099
0.976761
1.09333
1.04654
0.82458
0.925884
1.04507
1.21034
0.875819
0.925577
0.985114
1.10259
0.920821
0.944615
0.768287
1.08893
1.05713
0.997278
1.0516
1.00333
0.981863
0.892546
1.03559
0.686812
0.975918
0.865576
0.858719
0.918241
0.864332
1.12814
0.900175
1.00187
0.946102
0.913984
0.984438
1.07077
0.991721
0.949769
0.991623
0.930227
0.935174
1.01389
1.04814
1.0234
0.915568
0.916411
1.00929
1.01985
1.02906
0.960712
1.2487
1.03547
0.834111
1.06731
0.898793
0.973639
0.858286
1.12587
1.00904
0.956872
0.971643
0.978318
0.893034
1.3571
1.11101
1.01872
0.953251
1.05855
0.969705
0.967453
1.12601
1.07368
0.901386
0.739918
0.993784
0.884026
0.995947
1.04731
1.03917
1.01279
0.964457
1.10169
1.00094
1.00404
0.898212
0.961034
1.05642
0.966732
0.898522
1.03639
1.09725
0.965256
0.970634
1.01273
0.911898
1.00205
0.875979
0.904571
0.968229
1.05097
1.07319
0.982969
1.06733
0.938309
1.14259
0.939222
0.990438
0.945953
0.963173
1.00707
1.03782
1.0063
0.872353
0.954224
0.982408
0.916214
1.08754
0.908949
1.28038
0.931542
1.01123
0.777813
1.1327
1.04292
0.981646
0.731152
0.925253
0.974641
1.07738
0.910908
1.05448
1.04181
1.01054
0.830812
0.992517
1.0633
0.993818
1.14347
0.977172
1.00814
1.07335
0.911093
1.16838
0.951638
1.04161
1.13276
0.912895
1.07349
0.902429
0.892676
1.21438
1.02769
0.860314
0.927033
0.947791
0.96517
0.982214
1.19606
0.941352
1.03154
1.01944
1.04531
0.912392
0.832602
1.02187
0.976121
0.923726
1.04702
1.02667
0.879963
1.03139
1.0832
1.06194
0.924754
0.939775
1.02588
0.905804
0.904628
0.858699
0.919568
0.973608
0.996158
0.954702
0.889544
0.904535
0.860892
0.879958
0.966304
1.12198
0.948949
0.985129
1.11893
0.871919
0.977257
1.01763
1.00128
0.935144
0.917551
1.1275
0.906354
1.15944
1.0509
0.948674
0.924916
0.922277
0.953648
0.891885
0.98219
1.04152
0.982211
1.03831
1.03204
0.918441
1.07003
1.07112
0.808154
0.936289
0.874871
0.980208
1.1693
0.926629
1.0008
1.00935
1.12541
0.93726
0.895777
0.969646
0.966276
0.865755
1.08717
0.797773
1.21138
0.958544
1.06553
1.13682
1.04332
0.997371
0.875286
0.903037
0.848072
1.0198
1.00342
0.978409
1.13424
0.834913
1.03821
0.888709
1.01851
0.959607
1.11885
1.10566
1.06324
0.848321
1.04544
1.00294
1.00268
1.05033
0.836518
0.957912
1.23199
0.987281
1.242
0.940087
1.00538
1.07404
1.06318
0.886823
0.978128
0.948129
1.03665
0.987529
1.02184
1.07534
1.12101
0.874612
0.951389
1.04053
1.14719
1.09811
1.02134
0.972371
1.02881
0.851482
0.896266
1.03642
0.953503
1.00056
0.908751
0.767591
0.781203
1.09748
0.928277
1.0774
0.992984
1.0188
0.957861
1.15419
0.964537
1.03744
1.03694
1.016
1.03388
1.1489
1.11254
0.83607
0.973238
1.05237
1.07372
0.895908
1.09939
1.051
1.05848
0.959465
1.15058
0.930427
0.999309
1.05263
0.965307
1.00738
1.11914
1.02306
0.902738
1.07618
0.945063
1.08247
0.92726
1.13464
1.0698
0.955394
0.972138
1.08289
0.822508
0.924646
0.960587
0.849723
0.936472
1.0232
1.03598
0.858831
0.955497
1.08115
1.11344
0.980638
0.857714
0.961904
1.14974
1.06915
1.0449
0.940752
1.03595
1.0421
0.872959
0.934942
1.15776
0.940524
1.0135
0.907976
0.939209
0.979276
0.966171
1.03136
0.837207
1.15105
0.842339
0.926594
1.00129
1.08726
1.15579
1.17034
0.996864
1.0278
1.0671
1.06259
1.07389
0.979498
0.893109
0.962348
0.907727
1.09892
1.19749
0.899332
1.00882
1.04746
1.02627
0.955307
0.986103
1.09689
1.16407
1.00118
0.913014
0.843508
0.964621
0.913432
1.04229
0.78033
1.04169
0.963999
1.0068
1.084
0.986457
0.903401
1.06343
1.18661
0.947616
1.22446
1.02792
1.08071
1.04939
1.016
1.01664
0.949208
0.940783
1.00418
1.02545
1.03136
0.889033
0.920893
0.915359
1.22423
0.944805
0.895137
1.10706
0.959779
1.0596
1.10967
1.1271
1.03298
0.92759
1.02858
0.960254
0.942902
0.870613
1.10252
0.991661
1.19164
1.16274
1.08563
1.01246
1.01602
0.964305
1.07934
1.07005
0.950678
1.34588
1.01232
0.920132
1.03282
0.875438
0.992321
0.961397
1.09724
0.930575
1.07979
1.04004
1.15215
0.90095
1.02615
0.861223
1.08764
0.974792
0.950098
1.10597
1.07337
1.00612
1.03156
0.944363
0.901684
0.922911
0.970006
0.994748
1.08605
0.986807
0.905637
0.834416
1.05622
0.886541
1.00649
1.02885
1.00156
0.796648
1.03632
0.971412
1.00061
0.867678
0.806243
1.06833
0.968956
0.976524
1.0511
1.15198
1.03191
0.956447
0.993063
1.04085
1.04518
1.08127
0.898007
1.09602
1.08677
0.940339
0.827215
0.991634
0.886886
1.04986
1.06695
0.816794
1.03588
1.12916
1.03541
1.06408
0.989032
1.178
1.16973
0.920286
0.965558
1.04396
0.901972
1.12039
1.16664
0.871469
1.12011
1.13118
0.965949
1.04286
0.648164
1.00129
1.10913
0.982788
0.917568
0.99462
1.00518
0.829612
0.925234
0.987206
0.833136
1.1537
0.991099
1.05851
1.02456
0.977414
0.940747
0.991365
0.952827
1.08266
0.925945
1.21356
1.02429
1.10906
0.925169
0.875807
1.03113
0.926859
0.983653
1.24617
0.977119
0.830767
1.02001
0.851658
0.986566
0.892073
1.12318
1.09931
1.06067
1.02895
0.856055
0.961061
1.06369
1.04297
1.16434
1.1393
1.08575
1.00941
1.14164
1.14682
0.942824
1.09729
1.12258
1.01724
1.15806
1.00255
0.991769
0.967197
1.05705
0.949473
0.891421
1.08722
1.09779
1.08078
0.950912
1.12712
0.918417
0.957126
0.898916
0.938137
1.00528
1.12771
0.982536
1.18163
0.916336
1.12321
1.10152
0.982664
0.891626
0.863613
0.943082
1.00546
1.19254
0.982684
1.10143
0.957483
1.05738
0.906486
0.932296
0.967051
0.777151
1.0265
1.01787
0.932612
0.931477
1.00432
0.968662
1.09776
0.936903
1.08883
1.0473
0.931811
0.926108
1.00543
0.980116
1.06668
0.984594
1.08634
0.836734
0.910655
1.00341
0.942584
1.02456
1.0641
1.01573
1.17668
0.998095
0.913194
1.07878
1.05932
0.932553
0.903119
0.972508
1.01884
0.925838
0.981996
1.01692
0.835403
0.957838
1.04356
0.752646
1.01304
0.887255
0.875098
1.01577
1.13025
1.01145
1.1555
1.08711
0.912712
1.02301
0.729037
1.01863
1.03418
1.20778
0.951223
0.863708
0.994339
1.0277
0.976234
0.857059
1.0856
0.982997
0.987174
0.842234
0.966351
0.99663
1.07551
0.927495
0.965386
1.07911
0.749419
0.938648
1.04287
1.11634
1.11237
1.13839
0.835476
0.947001
0.892025
0.931503
1.10904
1.0627
0.983921
1.12477
0.939222
1.13131
0.959124
1.01398
0.975918
1.09432
1.21964
1.09479
0.967741
0.894869
1.01061
0.955121
1.09893
0.951685
1.07287
0.979863
1.14019
0.873963
1.03544
1.11483
1.05705
1.08374
0.950672
1.02501
0.842315
0.959461
0.943006
0.952479
0.842348
0.951063
0.896295
1.19091
0.958821
0.976811
0.708439
0.99305
0.995888
1.09796
0.969551
1.02951
1.00902
1.06842
1.03154
1.01808
0.941527
1.07476
1.15264
0.944732
1.10227
0.977278
1.00436
0.812731
1.12403
1.06893
1.00434
1.04838
0.874976
1.08186
0.975899
0.903174
1.13157
0.977874
0.883862
1.02666
1.0321
1.00072
0.963254
0.879846
1.00019
0.825365
1.04947
1.04749
1.15276
1.0915
0.946246
1.06158
0.927903
1.04214
1.18956
1.03133
0.907259
0.916209
0.874653
0.843378
0.980488
1.02631
1.10582
0.946611
0.988035
0.894531
0.825556
0.990278
0.919081
0.901551
1.11768
1.0286
0.840619
1.02342
1.08874
0.862191
0.970915
1.09097
1.03363
1.02082
0.993296
0.832005
0.860523
0.981944
1.02083
0.92601
1.0927
0.918891
1.04888
0.94676
0.99564
0.9668
0.776995
0.838869
0.733619
1.02225
1.007
1.10602
0.941157
0.967772
0.985079
0.957739
1.08811
1.00928
0.909762
1.08565
1.1163
1.11576
0.95854
0.916553
0.885941
0.862852
0.832742
0.948039
1.12065
0.939738
0.982011
0.966151
1.2218
0.799401
1.08547
0.935254
0.844271
0.980447
0.885444
1.0703
0.891726
0.954078
0.935618
1.00556
0.988606
0.882073
0.992667
0.951487
0.967707
1.06114
1.00405
0.916338
1.14557
1.02257
0.947539
1.0243
0.920297
0.886695
1.07454
1.12813
0.903223
0.983762
1.02674
0.93591
0.912493
0.770957
0.986578
1.29251
1.00768
0.934625
1.12735
0.983066
0.928966
0.937193
1.09056
0.92748
0.946349
1.00781
0.979433
1.08665
1.10966
0.830978
1.15975
0.994396
0.976522
0.953044
1.02774
1.03182
0.923078
1.0697
0.998882
0.96577
0.790188
1.01241
0.942762
0.908231
1.05712
0.904742
0.948131
0.924319
0.982742
0.938516
1.03651
1.04602
0.970936
1.24415
0.961237
0.824392
0.912766
1.00299
0.856826
0.926392
0.953253
0.966276
0.999326
1.03896
0.921841
1.0212
0.996091
0.978012
1.0591
0.979956
1.02381
0.967546
0.868351
0.832467
1.0469
1.04793
1.08719
1.01865
1.14966
1.16518
1.00735
1.07959
0.87896
1.11712
0.956938
0.994668
0.908366
1.02833
1.06586
1.04804
0.959238
1.02928
1.05343
1.19297
1.17417
0.88986
1.01351
0.944817
1.08176
0.921383
1.10056
0.963156
1.08779
1.09659
1.16936
0.845727
0.807236
0.829923
1.08581
1.06236
1.0202
0.990723
1.1774
0.958357
1.11665
0.944661
1.08608
1.00813
1.17887
0.919566
0.961555
1.01883
1.1244
1.02997
1.19687
1.11433
0.902408
0.991074
0.916244
1.00471
1.01383
0.984858
1.10781
1.07283
0.945528
1.03804
0.990423
0.933779
1.01925
0.947181
0.899245
1.07518
1.00825
0.971519
0.927171
0.990759
0.934647
0.954405
1.11467
1.1265
0.998313
0.958162
0.9507
1.07554
1.12062
1.16079
1.00276
1.00695
0.776788
1.05305
0.971444
0.960539
0.834146
1.04012
1.05656
1.02912
1.08373
1.01841
1.05526
1.03831
1.20888
0.996067
1.07881
1.1197
1.04636
1.20019
1.10208
0.991975
0.994859
1.05344
0.892284
1.05057
1.12529
0.958367
1.05726
1.03136
1.02814
1.21192
0.84702
0.874873
1.1409
1.12872
1.07723
0.941065
1.09991
1.18532
0.968553
1.1096
1.04257
0.817894
0.951743
1.06691
1.05631
1.10943
1.05759
0.988032
0.933123
1.02669
0.968517
1.1465
0.977235
0.826506
0.906877
0.898162
0.973571
0.881414
1.15695
1.00517
0.889077
1.04904
1.07784
0.994319
0.884297
1.19682
1.20764
0.819363
0.965481
1.1483
0.970777
1.17074
0.941589
0.824334
1.00365
1.09903
1.14436
0.811001
1.15446
1.01847
1.05048
1.17928
0.972673
0.959694
0.805788
1.05406
1.02977
1.05264
0.964452
0.918072
1.11547
1.07374
1.0999
1.00127
0.965811
1.02261
1.10235
0.811874
0.804857
0.970612
1.02341
0.962312
1.07336
1.18638
1.03909
0.869367
1.10135
0.928102
0.967098
1.0312
1.11156
1.12962
1.11137
1.03641
0.971218
1.08409
0.996175
1.01921
1.02003
0.920469
1.06058
1.10617
0.81271
0.980097
0.758804
0.943566
0.946467
1.04621
1.02663
1.03632
0.963117
0.968939
0.828688
0.848992
1.12059
1.04734
0.857286
0.948604
1.01809
0.983072
1.0998
0.977537
0.945837
0.858497
0.890392
1.12195
0.93624
0.937924
0.944909
1.00667
1.03093
1.00593
1.14478
1.03224
0.936547
0.947212
0.859638
0.798755
1.07831
0.939124
1.07172
1.00641
1.04825
1.22281
1.00338
0.770127
0.982916
1.06165
0.778906
1.05177
1.01477
1.05633
1.02468
0.800282
1.03858
1.02127
0.930897
0.973151
0.921473
0.949866
0.909408
0.974278
0.910817
0.981279
1.09639
1.04048
1.07043
1.01732
0.980515
0.823918
0.881808
1.05391
1.00088
1.12209
1.19662
0.928799
1.10591
1.00167
0.903294
0.942584
1.00044
1.05402
1.10582
0.948609
1.09813
0.920978
1.13286
0.998501
1.03973
0.960049
0.938234
1.20235
0.92934
0.994067
0.992243
1.09131
1.02638
1.15934
1.03273
1.00193
0.979615
1.27553
0.942749
0.818683
0.981923
1.02677
1.1711
0.918111
1.12025
0.948629
1.10322
1.00553
0.970117
1.01716
1.07397
1.17414
1.26484
1.10541
0.990182
0.947832
1.08318
1.04744
0.919486
1.06442
0.939945
1.17846
0.769792
1.21073
1.04694
1.07468
0.996318
0.938732
0.977222
0.911681
0.916575
1.11396
0.981592
1.0683
1.07087
0.963477
0.917402
1.08847
1.05789
1.10284
1.0813
1.00164
0.964533
0.941419
1.04813
1.15689
0.918521
1.08915
1.05488
1.01623
1.04593
0.977199
1.0382
0.997651
1.01157
0.936218
1.08726
0.962804
1.04711
0.826882
0.989894
1.16532
0.960729
1.02975
0.985923
1.13958
0.999448
0.941583
1.07896
1.00191
0.884601
0.799073
1.0891
0.889505
0.975027
1.14574
1.11901
0.93953
1.0616
0.980181
0.98746
1.00937
1.03331
