0.901074
1.11455
0.912619
0.913942
1.04969
0.878241
1.13941
0.934031
1.0013
1.12964
0.936326
1.06745
0.919729
1.00882
0.976153
0.975579
0.992623
1.03187
0.962795
0.970001
1.03094
0.932564
0.957994
1.00384
0.942372
1.01993
0.983641
1.08562
0.864957
0.998361
1.04495
1.04303
1.12552
0.995758
1.15676
0.965873
1.07963
0.949216
1.14543
0.941291
0.954738
1.01632
1.07654
1.07902
0.982343
0.958204
0.94054
1.03941
0.95696
0.883278
0.942088
1.08359
1.06006
0.921307
1.08361
1.12537
0.869897
0.917625
1.07896
0.949499
1.06555
1.02307
0.847302
1.06096
0.988574
0.89132
1.16162
0.988592
1.01604
0.871535
1.05902
0.935518
0.984863
0.976086
0.860789
1.00202
1.05185
1.14531
1.03403
0.899117
1.07761
1.08193
1.01349
1.00587
1.04495
1.05845
0.884754
1.06396
1.13703
0.9262
0.808908
0.904164
0.875342
1.09406
1.05935
0.985224
1.17161
0.987675
0.910401
0.864062
0.820023
0.89599
1.05078
0.981613
0.924946
1.17361
0.905041
1.00077
0.982365
0.978954
1.11326
1.04673
1.0839
0.794523
1.17323
0.988484
1.15913
0.932034
1.10544
1.03114
1.11048
1.20934
1.06054
1.02525
1.08624
0.986143
1.0206
1.07783
0.915567
1.00208
1.0641
0.969628
1.02239
1.08722
1.16909
0.894809
1.01366
0.89837
1.07231
0.927062
1.15077
0.998317
1.06077
0.914858
0.987341
1.03372
0.961464
0.920717
0.944868
0.9428
0.981975
0.980271
1.07921
1.02668
0.858328
1.00824
1.02788
0.947886
0.971309
0.91253
0.909764
1.10747
0.881002
0.976422
1.06246
1.01172
0.884185
0.930534
1.03019
0.990581
0.94408
0.999122
1.01211
0.950681
0.881488
0.983099
0.976055
1.04398
1.06087
1.0991
1.00507
1.12054
0.924687
1.02155
0.905355
1.04271
0.972672
1.02895
1.00377
1.0664
0.975747
0.921248
0.951383
1.01342
1.03753
1.11549
0.950139
1.08271
1.01167
0.949982
0.829005
1.04652
1.00796
1.0655
1.20666
0.967868
0.931958
1.12383
0.986819
1.05959
0.884928
0.929379
1.00414
0.896466
1.09085
0.998303
1.06306
1.06055
0.952577
0.959623
0.898599
0.933073
1.15842
0.984058
0.99082
0.954595
1.13415
1.01833
1.00981
0.882743
0.996019
1.00303
0.867477
1.04378
0.976925
0.951375
0.917968
1.04517
1.07754
0.936017
0.947816
1.01941
0.924463
1.12168
1.07984
0.994845
0.925016
1.15998
1.08574
0.944107
1.05159
0.95193
1.14788
1.01316
0.91163
0.883624
0.989525
1.028
0.958252
0.907897
1.00853
1.06278
0.982205
0.968415
1.09527
0.918513
0.983948
0.851128
1.03053
1.08077
1.02469
1.12499
0.982717
1.02325
1.04404
1.02273
1.06712
0.957791
1.07016
0.958936
0.932986
0.911351
1.00795
0.957401
0.998226
0.933111
1.03732
1.04935
1.07684
1.08446
1.08569
1.13318
0.971198
1.07068
0.983596
1.1211
0.983328
0.904327
1.16066
0.914816
1.0164
0.93837
0.969091
0.965994
1.13065
0.979137
1.04831
0.913969
1.189
0.967031
0.942878
1.01242
1.02894
1.05106
0.922352
1.11681
0.986983
0.940465
0.932427
1.14108
1.03715
0.852102
1.03802
0.80354
1.05597
1.16996
0.88184
1.08098
1.09786
1.00554
0.895702
1.05696
0.976693
1.13175
0.904374
0.974261
0.774044
1.01631
0.947875
1.08639
1.03331
1.11241
0.972048
0.755303
1.09236
0.986152
0.959255
1.00229
1.02201
1.04941
1.0063
1.07222
0.890262
1.00513
0.924216
0.972784
1.13352
1.05645
0.9647
1.00266
0.991823
1.0741
1.09147
1.12825
0.830212
1.09758
0.958604
1.02852
1.03988
0.992802
1.13628
1.04932
0.91733
0.933879
1.04092
0.93786
0.972978
0.931393
0.843794
1.03029
0.99186
1.04884
1.07462
1.00457
1.18123
0.977842
0.901914
1.01603
1.10437
1.03334
1.02171
1.07272
1.02644
0.9236
1.02448
0.90103
1.02383
1.07394
1.12651
0.94075
0.987383
1.08205
0.9743
1.1567
1.0595
1.04574
1.05225
0.946193
0.987964
0.908933
0.990173
1.07519
0.949676
0.998673
0.974118
1.07089
0.937637
0.957848
1.03161
1.10112
1.02293
0.931937
1.05596
0.952315
0.986557
1.09983
0.948125
1.0897
0.844137
0.911984
0.913155
0.984335
0.995177
0.974902
0.925787
1.01931
1.02763
1.01951
1.00496
0.964895
1.09272
0.990151
1.10276
0.921418
1.01945
1.02853
0.924348
1.10402
0.966274
1.05745
1.04593
0.886865
1.04155
0.935708
1.10527
0.973366
0.966317
1.06016
0.984777
1.14537
1.04475
1.06377
1.02904
0.946893
1.03443
0.955365
1.07083
0.949267
1.02154
1.16266
0.931421
1.09568
1.00519
1.21181
1.07558
1.06029
1.16031
0.99587
1.04953
0.90903
0.918273
1.07702
1.10107
0.922307
0.911529
0.994283
1.19832
1.06252
0.953478
0.944223
1.07543
0.958817
0.998417
1.12881
0.986882
1.18305
1.03849
1.10755
0.976635
0.998022
0.916941
0.932871
0.903665
1.08119
1.04544
0.893085
1.12292
0.961901
0.91599
1.07151
1.03507
1.05893
1.0671
1.01766
0.958107
1.06578
1.04598
0.914915
1.06014
1.12811
1.027
0.873977
0.791502
0.929688
0.918255
0.936283
0.724621
1.07732
1.00335
1.27208
1.00278
0.949045
1.09139
0.957886
0.987106
0.996957
1.08294
0.829635
1.12483
1.03691
1.03195
1.01982
0.936253
0.942303
0.916696
0.949998
1.05835
1.00262
0.880219
1.10461
0.857239
1.02796
0.988365
1.00224
1.0815
1.05299
0.981747
0.993927
0.98669
0.959573
1.21789
0.948722
0.973013
1.16425
0.992948
0.956555
0.876378
1.02212
1.06125
0.898138
0.97525
0.894216
1.13821
0.942989
1.12744
1.08931
0.969811
1.10833
1.08846
1.01671
0.942893
0.980371
0.860412
0.956141
0.929591
0.986844
0.919821
1.03549
1.00764
1.00017
1.03594
0.958962
0.882843
1.10988
1.0055
0.961853
0.947084
0.869472
1.08197
1.15288
0.915644
0.918851
0.950064
1.06445
1.06499
0.91567
0.982769
0.95779
0.906515
0.910811
1.00375
0.976743
0.745621
1.06096
0.938643
0.942531
1.09138
1.01058
1.1161
1.05212
0.962618
0.996526
1.01642
1.08663
1.04622
0.964477
0.882137
0.82744
1.16186
1.05054
1.0348
0.962621
1.05522
0.968267
1.14817
1.10705
1.03081
0.883401
1.07166
0.983877
1.01503
0.9469
1.08203
0.921005
1.06635
0.905996
0.975281
0.984025
1.01864
0.941603
0.945953
0.8602
0.894882
0.843724
1.00747
1.16259
1.07765
0.814302
0.999403
1.05915
1.00681
0.936734
1.04307
1.07221
0.99071
1.00655
1.03422
1.0921
0.98181
0.982875
0.967868
0.980219
0.954693
1.00168
1.07858
1.1729
0.93467
1.06764
1.01431
1.11805
1.06834
0.88282
1.1386
0.994685
0.997116
0.955789
0.866236
0.931698
0.962117
0.868215
0.875005
0.90393
0.997761
0.953825
1.04896
1.06524
1.05098
0.982358
0.965376
0.871674
0.785968
1.06079
0.996448
1.08059
1.06597
0.917384
1.00821
0.892401
0.989244
1.00619
0.95878
1.07888
0.954137
1.03274
0.990837
1.02412
0.953735
0.938555
1.0492
1.05112
1.23914
0.856893
1.0086
0.993528
1.03156
1.04664
0.849086
1.04002
0.937628
1.09874
1.07335
1.09335
0.867648
1.01164
1.01293
0.981485
1.02084
0.952924
0.980293
0.915024
0.996257
1.12217
1.00805
1.0343
0.918379
1.0197
0.970936
1.02258
0.858167
0.862558
0.996008
1.06682
1.04602
0.827262
1.06041
1.02417
0.89217
1.10842
1.02836
1.02356
1.02396
0.988936
1.08283
1.0048
1.1517
0.914889
0.921685
0.935109
0.996229
1.05104
0.9449
0.888505
1.0861
0.961988
0.967991
1.02124
0.922679
0.990682
1.01323
1.03723
0.940453
0.908227
1.02082
1.04707
1.0548
1.06522
1.11814
1.10582
0.87782
1.11168
0.914702
0.999122
0.994998
0.999831
0.808774
1.12228
1.04317
1.05236
0.956985
0.917088
1.01976
1.13639
1.07911
0.916219
1.14577
1.00443
0.985354
1.0007
0.701038
0.980369
1.12339
1.0706
0.861715
0.848621
0.972357
1.16317
0.899354
1.17245
0.942037
0.966526
0.974927
0.913732
0.835253
1.06403
1.01667
0.93646
0.995508
0.893207
1.02095
1.01807
0.94887
0.840945
0.998484
1.17304
1.05946
1.00945
0.857302
1.04606
0.929669
1.01555
0.907105
1.09264
1.04389
1.0373
0.887039
0.917155
0.920318
0.872693
0.943574
1.10142
0.994245
0.880167
0.936268
0.921176
1.0072
0.971443
0.95136
1.14638
0.977588
1.0317
0.985127
0.833255
0.978922
0.880216
0.980972
1.02476
1.04852
0.960437
0.992365
0.989154
1.0766
0.907507
1.05323
1.06092
1.01101
1.12069
1.04518
1.03138
0.876653
0.966989
0.96795
1.0637
1.04956
0.91287
1.13612
1.05995
1.05787
1.14919
1.07405
1.02798
0.943954
1.07001
1.03478
1.03599
0.934643
0.977859
1.04357
1.04444
0.857017
1.13308
0.977419
1.08927
0.91937
1.09193
0.943119
1.09604
0.837692
1.12828
0.978697
1.00592
1.02805
0.8776
0.92473
1.06653
1.11915
1.01237
1.16102
0.974109
0.968713
0.948143
1.18789
0.883301
1.01534
1.06616
0.98439
1.04268
1.02572
0.846707
1.10755
1.07182
1.02945
1.07598
1.07338
0.948368
1.02602
1.04635
1.05438
1.06358
1.03514
0.964927
0.990517
1.03705
1.16719
1.14258
0.831987
1.03243
1.12113
0.964049
1.05674
1.09698
1.03429
1.10303
0.911646
1.03098
0.952634
1.05373
0.889648
1.01475
1.00634
0.974735
1.04872
0.918878
1.08088
0.812346
1.09853
0.94286
1.07283
0.835179
1.06894
1.10526
0.955048
0.939582
1.12272
1.02719
0.89863
1.11468
0.908002
0.872046
1.07613
1.04217
1.00009
1.01213
0.881282
1.00756
1.0927
0.923042
0.979807
0.88359
0.840007
1.05205
1.05141
0.97236
1.12764
1.02008
1.0148
1.03545
0.994753
0.911267
0.856764
1.04498
1.01488
0.93665
0.979438
1.00152
1.05966
0.97403
1.13661
0.913634
0.921571
0.825384
0.936583
1.02579
0.993102
0.89628
1.04935
1.0062
1.03168
1.06381
1.06832
0.961607
0.946209
0.998328
0.98167
0.93923
0.955922
0.932585
0.95831
0.868607
1.08313
1.07244
1.03907
0.924594
0.966584
0.917668
0.991338
1.04643
0.94821
0.826267
0.961752
1.05208
1.10018
1.02467
0.795229
1.02231
1.00189
1.11967
0.968012
1.08357
0.960978
0.954387
1.00935
1.19586
0.938065
0.987818
1.10402
0.976812
0.947685
1.06513
0.954807
0.917233
1.00456
1.04194
1.15003
1.00502
0.96906
1.02761
1.05758
1.13495
0.856398
0.96043
1.06547
1.04173
0.945384
1.05873
1.12586
1.08784
1.20329
0.999837
0.903814
1.12754
1.0587
1.08814
1.10544
0.921712
1.06624
0.882142
0.953107
1.10111
0.887297
1.04332
0.959662
0.9045
1.10954
0.996809
1.0774
1.08792
0.89848
0.980443
1.01148
0.923933
1.19614
0.958156
1.03169
1.21364
0.952539
0.908372
0.938137
1.02717
0.983852
1.10511
0.975407
0.979455
1.06339
0.985376
0.844159
1.15727
1.09343
0.971958
0.942158
0.994098
0.915555
1.1033
0.945251
1.06374
0.907654
1.08183
1.00941
1.0521
1.07744
1.02414
0.92579
0.911705
0.979622
0.888532
1.08629
1.00914
0.950324
0.871077
1.04202
1.19957
0.884502
1.07118
0.984118
0.911845
1.04711
0.985103
1.0327
0.860259
1.09933
0.972291
0.933774
1.18616
1.02167
1.10205
0.870125
0.942288
0.990015
1.07524
0.949483
1.16345
0.998431
0.967062
1.07336
0.943396
0.995985
1.00397
1.01068
0.976308
0.976453
0.942763
0.928627
1.03741
1.14202
0.866183
1.03212
0.970755
1.13239
0.960706
1.03611
1.0597
0.954585
0.793262
1.10589
0.908655
1.08243
1.13893
1.02298
1.07774
0.949891
1.19061
0.833851
0.927822
1.00072
1.0092
0.901448
1.00109
0.826706
1.01278
1.04275
0.974773
1.00791
0.916543
0.93283
0.965145
0.884412
0.933415
1.14235
0.791054
1.06809
1.0401
1.07953
1.04737
0.990727
1.15756
1.03852
1.04016
0.863358
0.973937
1.03797
0.943624
1.03473
0.917964
1.0441
1.20709
1.05781
0.866992
0.877267
0.973031
0.92699
0.987496
0.834605
1.16354
0.850935
0.962027
1.00077
1.08495
0.976404
0.788993
1.0281
1.10679
0.884756
1.08496
0.846742
0.969157
1.00608
0.97414
1.01456
0.929122
1.14253
1.02499
1.087
1.03082
0.83883
1.14006
1.11138
1.01272
1.14876
0.931543
0.944822
0.937811
1.0462
1.00371
0.964998
1.03621
1.03032
0.938486
1.05936
1.01329
1.06241
0.94552
1.03273
0.865405
1.13932
0.922681
0.934474
1.08722
0.783112
0.93172
0.924776
0.981074
1.14221
1.00891
0.952486
1.15445
1.09274
0.989614
1.1137
0.978918
1.02648
1.00278
1.12551
0.980923
1.02057
0.826192
1.07992
1.07947
0.943884
0.952949
1.0004
1.0092
0.95058
1.00995
1.08919
1.11986
0.912261
0.943264
0.967747
0.996425
0.924851
1.03718
1.086
0.975615
1.0426
1.05971
0.929029
0.962903
1.03754
1.03944
1.11938
1.16908
1.07817
1.00003
1.0692
1.00918
0.945206
1.01558
1.13108
0.998045
0.942576
1.10442
0.925766
0.805826
1.04202
1.0077
0.971452
0.989834
1.00564
0.943455
0.89211
1.09901
0.947445
0.943742
1.11632
1.02914
1.08002
0.908736
0.912355
0.997624
0.869862
0.926576
0.806018
1.05984
0.898226
0.948564
0.97815
1.1019
0.814943
1.0245
0.933078
1.01009
0.980055
0.988992
1.01521
0.860298
0.964441
1.01347
0.858859
1.25731
0.896814
1.03835
1.10779
0.966372
0.930435
0.98086
0.910553
0.895752
1.07324
1.03732
1.1271
1.02399
0.86173
1.12384
0.836704
0.980572
1.02848
1.01935
1.10222
1.12625
0.866919
0.873951
1.01016
1.00152
1.06138
0.94316
0.937799
0.95098
0.949817
1.00753
1.09325
0.927096
1.05261
1.0144
0.985405
0.909294
1.01062
0.951154
0.937078
0.830497
0.979032
0.941841
1.07268
0.978614
1.10495
1.03873
1.03257
0.903599
0.99491
1.14313
1.11667
0.923313
0.997299
0.941322
0.96862
0.987445
0.944368
0.887849
1.05752
1.08809
0.79735
0.990351
0.936023
0.956255
1.12423
0.927879
1.15078
0.965589
0.943182
0.970163
0.838465
0.988238
0.943897
0.888193
0.817104
1.19571
1.0854
1.05419
0.881502
1.01628
1.02991
1.00391
1.12361
0.976747
1.05754
1.05186
0.829207
0.828851
0.912936
0.782445
0.982652
0.920038
1.12009
0.814804
1.13201
0.963176
0.99463
0.906525
1.03302
0.948629
0.998693
1.07105
1.05488
1.0946
0.956574
1.01007
1.01006
0.810133
1.00773
1.30459
0.9981
0.999494
0.959205
1.07175
0.847483
1.13115
1.09614
0.998716
1.07228
0.914055
1.02016
1.04202
0.752982
1.09863
0.79115
0.996598
1.11461
0.910211
0.978029
1.09731
1.11574
0.980734
1.01558
0.911487
0.902898
0.899187
0.952477
0.92594
0.977096
0.915052
1.0562
1.03477
0.902838
0.96021
1.17628
0.954326
0.933075
1.09726
0.825838
1.08364
0.980754
0.871578
1.09018
0.8647
0.855065
0.797332
0.906621
0.927229
0.95637
0.930371
1.03045
0.996696
0.943903
1.08348
1.0188
1.01446
1.04943
0.844139
0.985942
1.02171
1.06372
0.955386
0.923634
0.949398
1.01117
0.944822
0.887765
1.05483
0.974526
0.935301
1.12881
0.975743
0.94983
0.939229
1.02546
1.01706
1.01993
1.01117
0.95878
1.06721
0.912919
1.00476
0.882737
0.94229
1.04333
0.944465
0.895418
1.02278
1.14893
1.06784
0.99978
1.12815
0.927124
1.04891
1.10569
1.047
1.05522
1.00167
1.01533
0.933715
0.880087
1.10213
0.959108
0.868381
0.986639
0.858924
1.06312
1.13525
0.929617
0.997194
1.03934
1.02605
1.07451
0.885705
1.03346
0.97815
0.96708
1.03229
1.06579
1.03773
1.02528
1.08674
1.04229
1.00652
1.08808
0.835255
0.953951
0.9623
1.04077
1.15388
1.0682
0.987024
0.887579
0.96788
0.904701
1.08777
0.882838
0.951363
0.896224
1.01638
0.935554
1.22145
1.12645
1.02515
0.998585
1.03267
0.97119
1.1537
0.911643
1.03259
0.961935
0.993434
1.03383
1.0234
0.956269
0.960498
0.93065
0.967063
0.964543
0.98143
0.949829
0.949308
1.10958
1.05107
1.03998
0.959801
0.963331
0.975265
0.966428
0.987599
0.89575
0.926365
0.996983
1.12925
1.14602
1.18881
1.00637
1.02556
1.0968
1.11818
1.06243
1.03561
0.976156
0.99859
0.971732
0.974518
0.936553
1.07069
1.07475
1.01426
1.01151
1.08398
1.13281
1.11614
0.981704
1.09869
1.13941
0.933632
1.05843
0.954481
0.949993
0.937894
1.22599
0.888077
1.03879
0.789804
1.01167
1.1463
0.869027
0.997383
0.924598
0.93883
1.04386
0.996297
0.874807
0.929808
0.992858
0.941367
1.0192
0.920637
1.02351
1.06306
1.03945
1.06371
0.89945
1.11974
1.01449
1.01626
0.784287
1.01958
0.963727
0.872191
1.03498
1.02605
1.04845
1.00899
0.838653
0.892058
1.14719
0.994426
0.968152
1.17561
1.04022
1.07294
0.910843
0.991579
0.734259
1.0192
0.987527
1.02686
1.18941
1.08128
1.0575
0.922659
0.934706
0.970043
1.21162
0.973079
1.07283
1.04251
1.15576
1.1467
0.962457
1.03383
0.892486
0.9905
1.16904
1.05382
1.04201
0.914122
1.08419
0.802997
0.973414
1.04205
1.09325
0.926035
0.95645
0.907757
0.98544
0.948108
1.02557
1.07076
1.00995
0.872598
0.96114
1.02324
1.07515
0.943754
0.999973
1.01003
0.776741
0.920935
0.976203
0.967398
1.01733
0.994147
1.00204
1.05658
1.05722
0.960875
0.992717
1.12691
1.12742
1.01554
1.03273
1.0377
0.927328
1.05753
1.17764
1.12972
0.997044
1.05819
1.04857
1.01123
0.884325
0.868001
1.0593
1.07843
1.0103
0.97754
0.966416
0.993568
1.01866
1.11094
1.06724
0.822035
0.90139
0.914123
0.916183
0.936998
1.08224
1.05241
0.99922
0.918445
1.06394
1.01255
1.10781
1.00342
0.981192
0.897162
1.09968
1.16077
1.19227
1.03627
1.05576
0.980793
1.00707
1.02766
1.03828
0.933856
1.02699
1.12833
0.92357
1.08781
0.995653
1.00791
1.08623
1.05515
1.0748
1.06401
1.02336
0.999218
0.85446
0.97287
1.03607
1.09088
0.891913
0.996954
1.0532
0.974775
1.03835
1.20962
1.10192
1.0613
0.857962
0.794841
0.871259
1.03304
0.959229
0.843142
1.03103
0.934853
0.979103
0.893594
1.02073
1.1533
0.94012
0.888029
0.901626
0.809908
0.958628
1.09235
1.14262
1.02922
0.94745
1.01143
0.945258
0.881475
1.12934
1.00929
0.94885
1.00502
0.849197
1.04961
0.961392
0.95964
0.890797
0.917552
1.11862
1.01988
1.02226
1.08554
0.962158
0.934905
0.93601
0.948145
0.95815
1.1661
1.07444
0.986599
0.979505
0.850817
0.873233
1.00746
1.08347
1.01839
0.901702
0.893287
1.11154
1.16455
1.01684
1.05413
1.0999
1.02
1.03658
0.886758
1.04093
0.913436
0.915936
1.0167
1.17959
0.978437
0.892773
1.10249
1.01776
0.915016
1.02667
1.05119
1.14514
1.05254
0.98479
1.03496
0.960398
1.07513
1.08909
1.00403
1.2044
0.944657
1.01006
1.15893
0.972837
0.875386
1.01787
1.04154
0.978215
1.03259
1.18025
0.972633
0.952326
0.932711
1.0745
0.960225
0.92551
0.989851
0.82805
1.09382
0.957227
1.07509
1.07278
1.00194
0.967817
0.970455
0.935266
1.06803
0.928439
1.0341
1.02414
1.01923
1.07563
0.912814
0.842351
1.07945
0.962549
1.0132
0.986294
0.889478
0.981788
1.09149
1.14328
0.955355
1.08535
0.944151
0.979025
0.828129
0.8877
1.07345
1.00836
0.942163
0.961419
0.914891
1.09478
0.994583
1.04039
1.11774
1.01574
1.10936
0.936357
0.921352
0.805079
0.997378
1.08643
0.928229
0.956803
1.10474
1.10736
1.1328
1.04865
0.933873
1.08878
1.0817
1.09183
0.84624
0.921644
0.970718
1.07692
1.00556
1.0319
1.04744
1.09765
1.0173
1.01331
0.924523
1.10163
0.992652
1.10693
1.07959
1.03526
0.94689
0.952389
0.950725
0.889195
1.10715
1.07108
0.860252
0.904268
0.98359
1.09969
0.951667
1.0254
0.849625
1.04242
1.05003
0.962913
1.07404
1.04111
1.00815
0.983578
0.992604
1.17199
1.00541
0.910683
1.05835
0.743984
0.940802
1.05632
1.06436
0.885487
0.984542
1.08886
0.985654
0.960766
1.09448
0.948375
0.981344
0.915875
0.955856
0.987605
1.11683
1.13817
1.07099
0.899787
0.995452
1.10467
0.889586
0.976364
0.973995
1.02819
0.949478
0.927966
0.941853
1.02928
0.973816
0.858591
0.813874
1.09466
0.978041
0.954472
0.839492
0.984271
1.01388
1.06104
1.04293
1.02326
0.982487
0.836514
0.873197
1.12911
0.930751
1.14509
1.02644
1.106
0.913005
1.08671
1.10557
0.9776
0.960657
0.908095
1.04636
0.903243
0.962158
0.988895
1.01742
1.09358
0.998557
0.880869
0.980912
1.02118
1.03893
1.07125
0.986474
0.877881
1.09385
0.996035
0.965177
1.05413
1.02071
1.12078
1.02221
1.08783
1.0618
1.081
0.957811
1.13443
0.852808
0.953368
1.00188
0.907618
1.0105
1.08314
0.948835
1.18012
1.02778
1.06241
1.08963
0.824569
1.01402
0.919185
0.923161
0.923487
1.07001
1.05009
0.977622
0.998593
1.10824
0.809565
0.919076
1.05451
1.06217
0.924451
1.0714
1.12655
0.923676
0.998305
1.09857
1.08385
1.1355
1.00593
0.972443
0.83208
1.10954
0.97983
1.02702
0.878432
0.930349
0.871029
0.992816
0.971433
1.04735
1.06688
0.940629
0.960517
0.935558
0.94569
1.02285
1.04944
0.903403
0.985689
1.06483
1.04561
1.0636
0.994188
1.0572
1.15636
0.933662
1.06303
1.12436
0.998059
1.05718
1.01176
0.934644
1.00263
1.04001
0.868316
1.09841
1.11984
0.930582
0.827418
0.933573
0.908765
0.932274
1.09748
1.00464
1.08939
0.929546
1.01749
1.00432
0.990779
0.8963
1.05536
0.97441
1.04865
0.986187
1.01136
1.01374
1.08734
0.987966
0.99128
1.02327
0.931092
1.02585
1.05322
0.893861
0.98296
1.03121
0.921551
1.08865
0.95903
1.11698
0.85258
0.950637
0.832945
1.03117
0.878368
0.859055
1.05022
0.908735
0.899807
0.859589
1.11245
0.898704
1.07597
1.01443
0.974645
1.00372
1.08636
0.775714
1.16387
0.972602
1.10582
1.04669
1.02092
1.05028
0.931335
0.861056
0.960596
1.06533
0.905193
1.03792
1.10741
0.968453
0.877922
0.928733
1.01978
0.957019
0.991487
1.03364
0.943313
1.01007
1.02196
1.04339
0.976499
0.885163
0.967369
0.976118
1.02727
1.01207
1.00865
1.05152
0.90466
1.13817
0.920868
0.986424
1.0102
0.888808
1.07897
1.02532
1.12947
0.977393
1.00696
1.00075
1.04445
0.9401
1.03454
0.869839
0.970653
1.15111
0.885183
1.01799
1.1915
1.06212
1.04211
1.07152
1.24965
0.993902
0.863048
1.10396
0.986735
0.931608
0.98253
1.01077
0.869802
0.911365
0.999997
1.04544
1.15319
1.07005
1.01201
1.01724
0.926283
1.03325
1.18555
0.98729
0.929855
1.01078
1.01277
1.05065
0.981162
0.973083
1.08626
1.16274
1.05409
0.903882
1.12172
0.929895
0.97937
1.01087
0.937439
1.04458
0.979021
0.923487
0.936309
1.10235
1.07802
0.96478
0.932592
1.21076
1.0036
1.16471
1.09121
0.90879
0.9566
1.08417
0.909884
0.895739
0.998647
1.05225
0.884743
0.95994
0.926165
0.998418
0.901511
1.0039
0.9568
1.08135
1.09279
1.03876
0.998235
1.09496
1.10035
0.998257
0.924644
1.05865
0.976962
1.10152
1.1085
0.889171
0.964333
0.96013
1.20641
1.0056
0.967646
0.915373
1.06867
0.928309
0.90402
0.835589
0.968117
0.90906
0.849909
0.991416
0.957701
0.979568
0.951063
0.848587
0.953097
1.03364
0.86643
1.06707
0.985832
0.932118
1.08637
0.97384
0.932916
1.07587
1.00155
1.04666
1.07037
0.955962
0.894888
0.907968
0.821172
1.07492
0.891142
1.0924
0.973877
1.03153
1.02613
0.955568
1.04375
1.00387
0.98691
1.06212
1.09721
0.848372
1.07081
1.10982
0.959636
1.00895
0.934295
1.01556
1.12724
0.912973
0.999802
1.11883
0.971145
1.06098
0.94269
1.02252
0.986137
0.955747
0.97091
0.995607
0.884208
1.11346
0.95152
1.15091
1.04351
1.04819
0.977716
0.867967
1.01563
0.927292
1.04183
0.972157
0.957272
1.04576
1.14862
0.91105
1.09251
0.848837
1.17806
1.02226
0.928848
1.06235
0.956982
0.994817
0.997482
0.995725
0.804057
0.994308
0.933037
1.00058
0.999501
1.09198
1.09247
0.951713
1.09953
1.09619
0.769374
1.12406
0.879664
1.05488
0.971746
0.81127
0.858929
1.0324
0.912175
1.0455
1.00074
0.970851
0.939961
0.952697
0.975754
0.961489
0.93398
1.04687
0.996006
1.13229
1.03531
0.860068
1.11561
1.13568
1.07376
0.923835
0.82432
0.808781
1.13806
1.09487
0.973958
1.10416
1.03011
0.834128
1.02913
1.07529
1.05738
0.914837
1.01531
1.03888
1.12405
0.969507
0.880895
1.1068
0.972572
1.08176
0.845348
0.971087
0.92017
1.18426
0.963326
1.00096
1.00571
0.923308
0.916123
1.14937
0.981326
1.03483
1.05964
0.885114
0.937203
1.04156
0.890923
0.969467
1.10203
1.1038
0.93121
1.129
0.988387
0.783021
0.876114
0.941605
0.990438
0.939612
1.09375
0.936636
0.969294
1.08308
1.12787
0.945871
0.981589
0.948737
0.978656
0.874533
0.991083
0.861865
1.06538
1.04503
0.966824
0.959354
1.20773
1.14626
0.943577
1.04172
1.05818
1.17495
0.966577
0.87265
1.0229
0.86225
1.09597
1.14185
0.951619
1.08496
1.14592
0.974663
1.01826
1.06757
1.0488
0.940165
0.838783
0.90426
0.891724
0.945078
1.03259
1.12804
1.10251
0.816843
1.03433
0.921948
0.847709
1.03926
0.94387
1.18551
1.12039
1.03243
0.93693
1.02896
1.03498
1.00138
1.0344
0.809502
1.14619
0.89164
0.966516
0.984599
0.906535
0.998794
1.01983
0.996292
1.01414
0.973562
0.886353
1.05606
1.12353
1.10974
1.03608
1.0847
0.834757
1.00322
0.948737
1.12108
0.807892
1.16665
0.989257
0.966069
1.08444
0.941307
1.12233
1.06085
1.02833
0.964602
0.998851
1.06466
1.11766
1.09481
1.0768
0.87247
1.10927
0.897263
0.866982
0.813693
1.0114
0.978597
1.0205
0.935115
0.970518
1.11899
1.03707
1.03492
0.972437
0.945505
0.931903
1.09227
0.849556
0.992696
1.13529
1.08335
0.95333
1.00532
0.974881
0.989955
0.954177
1.00887
0.92995
1.06205
0.954138
1.1414
1.09813
1.11518
0.995795
0.965832
1.01395
0.95222
1.09453
1.08156
1.07779
0.968667
1.15719
1.0635
0.91006
0.991181
1.06651
0.876054
0.934646
1.04347
0.976452
1.0242
1.03942
0.976689
0.981209
1.00336
0.987127
1.00544
1.03591
0.997042
1.00903
0.983052
1.01111
0.886793
0.986226
0.982625
1.03492
0.914665
0.969688
1.02348
0.986463
1.14563
1.04271
1.03451
0.937577
0.983245
1.07587
1.04974
1.0463
0.922257
1.17988
1.04312
0.980802
0.870495
0.996136
0.908542
1.08857
1.05871
1.04022
1.10849
1.00721
1.06087
0.951351
1.04265
1.02325
0.963882
0.983115
0.964757
0.925802
0.926687
0.919875
1.10194
1.0507
0.974504
1.01623
0.881128
0.965013
0.960182
0.873532
0.888686
1.05794
0.817737
1.07027
0.954453
1.04748
1.19933
1.14211
1.03849
1.03929
1.11989
1.02022
0.910503
0.922777
0.860676
1.13461
0.894365
1.01629
0.902386
1.04457
0.928992
0.955139
0.992404
0.907971
1.03923
0.944161
1.04793
1.08102
0.995868
1.03704
1.05194
0.827493
0.961814
0.91997
0.935505
1.04348
0.832538
1.03573
1.06041
0.954952
1.00196
0.946687
0.966811
1.00585
1.03469
1.08436
1.11275
0.98808
1.09343
1.00777
0.990404
0.947104
0.768567
1.19447
0.945518
1.21056
0.897203
1.02353
1.03922
0.878446
0.965003
0.909625
0.991727
0.936461
0.913965
1.03256
0.930413
1.11674
0.987473
1.05166
0.960098
0.834219
0.942522
1.1035
0.974785
1.00939
0.980527
1.08337
0.960136
0.767977
0.948524
0.974488
1.06112
0.929304
1.10157
1.154
0.928844
0.949127
1.06558
0.933317
1.04625
0.962752
1.04724
1.0211
0.939235
0.929459
0.978606
0.954556
0.941919
1.02022
1.03143
1.03774
1.05057
1.00913
1.15128
0.942638
1.01539
0.963215
1.00622
0.934038
0.967282
0.95453
0.95231
0.931984
0.99481
1.04766
0.932832
0.937956
0.945558
1.07934
1.01653
1.05699
0.93887
1.12715
0.924458
1.12338
1.10079
0.923917
0.98104
1.14673
1.03834
0.985742
0.994495
0.994983
1.00733
1.17564
0.961803
0.981916
1.14633
1.13322
0.961803
0.812493
1.05368
1.0415
1.0938
0.941182
0.906437
1.0231
1.07393
0.979682
1.06118
1.20956
0.966225
0.988471
0.872135
1.08137
0.940371
1.03724
0.951957
0.904197
1.0063
0.980819
0.995699
0.993373
0.987462
1.06732
0.892747
0.985112
0.98798
0.870379
0.992485
0.909046
1.00863
0.956619
1.04957
1.04113
1.02256
0.903687
0.975998
1.11874
0.947819
0.926235
0.909499
0.92013
1.03882
0.990656
1.09261
0.942918
1.0271
1.08261
1.00795
1.07468
1.20948
0.95167
0.87323
0.999425
1.04296
0.947763
0.89469
1.06061
0.888079
0.978157
0.990702
1.06801
0.913299
0.999263
0.97296
1.07181
1.09393
1.02364
0.929995
0.971053
1.00499
0.99918
1.13613
1.14121
0.929711
0.960017
1.12141
1.17241
0.990373
0.95641
1.03697
1.13211
0.998715
1.05348
1.07637
0.94477
0.945838
0.926255
0.93697
1.04613
1.04566
1.04667
0.96646
1.09163
0.948164
1.00259
0.915577
0.93621
1.18416
0.929908
1.0729
0.750079
0.883587
1.03147
0.929171
0.993905
1.0161
0.981951
1.16035
1.11678
1.05502
0.893998
1.03208
1.02685
0.785475
1.05676
1.03341
0.956547
1.06105
0.92298
1.02221
1.10313
1.01877
0.947375
1.00521
0.914855
1.06675
0.970879
1.01101
0.921271
0.987607
0.966899
0.830238
0.906041
1.111
1.05825
0.901616
1.01986
1.01999
0.992502
1.02403
0.799727
1.08952
0.937582
0.881453
1.05821
1.01061
1.00244
1.00173
0.978649
1.06557
1.01208
1.02979
0.901632
0.95854
1.28802
0.955619
1.07046
1.01477
1.06844
0.832446
1.14872
0.872874
0.882306
0.95982
0.9673
0.981511
1.0717
0.953075
0.965665
0.965214
0.947276
0.997165
0.944869
0.971455
0.935011
0.891314
1.02774
1.00772
0.827674
0.879671
0.982259
0.975735
1.01375
0.942584
0.923892
0.996813
1.01374
1.03459
1.0209
0.901093
1.07884
1.12383
1.01523
1.06146
0.875716
0.929051
1.01548
0.95999
0.878801
1.05505
0.926402
0.908159
0.943486
0.91158
0.916792
0.917357
0.954585
1.0261
1.19288
1.11592
1.06653
1.05147
0.885702
0.89954
1.02187
1.05768
0.84527
0.904697
0.954206
1.17962
0.898293
1.02342
1.00634
0.809751
1.01967
0.977087
1.00973
0.918714
0.828153
0.997248
0.944983
0.89191
0.91673
1.02135
1.0784
1.08902
1.1247
0.985986
0.987585
1.01525
0.888394
0.958334
0.895835
0.962973
0.976043
0.949565
0.999233
1.05241
0.982185
0.917002
1.02827
0.889556
0.975034
1.01297
0.97232
0.986454
1.15229
0.93474
1.07967
1.04665
1.01828
1.09645
0.927345
1.02129
1.0749
0.934223
0.959842
0.908465
0.955795
0.910634
1.06589
1.02627
0.928514
1.04056
0.924614
1.14647
0.992313
0.955945
1.01928
0.997499
1.02134
1.12893
1.08931
0.945164
0.829083
0.941286
0.95875
0.95124
0.973373
1.0786
0.952341
0.906902
1.04103
1.04376
0.979941
1.07286
1.09939
0.940935
0.952105
0.922653
1.03842
0.974269
0.948938
1.02972
1.05893
0.991635
0.969672
0.915668
1.08504
1.00953
1.03477
0.804546
0.92559
0.911494
1.06581
0.94239
1.02245
1.0578
0.99026
1.05786
1.031
0.966308
0.96507
1.01593
0.943097
0.963522
0.93333
1.068
0.867182
1.02471
0.838422
1.05146
0.96367
0.962895
1.00295
0.915019
1.03629
0.913976
0.852662
0.873231
1.10868
1.0261
0.851103
0.784141
1.07468
0.928838
0.984803
1.05288
0.998121
1.00147
1.02468
0.984832
1.00351
0.920173
1.12529
0.922828
0.99335
0.919689
1.02711
0.926619
1.04441
1.0965
0.993462
1.05451
1.03596
1.00465
0.974959
1.07061
0.897835
1.07268
1.00307
0.91661
1.09581
0.969291
1.0011
1.12443
0.869542
0.88719
0.969395
1.0178
0.960633
0.990582
1.07995
0.948865
1.07293
1.01428
0.939034
1.06138
0.991244
1.00684
1.05588
1.04719
1.01032
0.947068
0.935376
1.10544
1.0941
0.950179
0.937437
1.09842
0.895939
0.902667
0.972892
1.02852
1.01528
0.919235
0.926825
0.982746
1.02567
0.978987
1.13161
1.05395
1.01704
1.01356
1.09385
1.03974
0.882222
0.991276
0.993805
1.09514
0.809034
0.882037
0.989637
1.08659
1.02782
0.97984
1.0336
0.885513
0.971274
1.05609
0.932125
0.96583
0.876625
1.02333
1.1267
0.987198
0.882513
1.05065
0.951275
1.03328
0.925986
1.03399
1.15458
1.11998
0.84365
1.04927
1.06521
1.12006
1.0571
0.776403
1.03226
1.1654
0.892951
0.896857
0.920298
0.897389
0.945171
1.08131
1.04221
1.04971
0.890618
0.941928
1.02926
1.14256
0.982995
1.02683
0.960168
1.02413
0.9512
0.838582
0.895423
1.03151
0.982492
0.901677
1.20232
0.959904
1.0883
1.10116
0.983678
1.04518
1.08306
1.11147
0.969712
1.0341
0.889818
1.06248
0.951333
1.06249
0.926474
1.04443
1.01387
1.06616
1.06497
1.0758
1.01662
0.907703
0.962432
1.1143
0.946036
1.04417
1.04389
0.949583
1.06981
0.981461
1.06942
0.952515
1.05192
0.835294
1.08593
0.980491
1.04241
0.86744
0.894299
0.99359
1.05077
0.953422
0.951768
0.912758
0.762448
1.01602
0.941568
0.983662
0.989987
1.03043
0.986059
0.932305
0.886344
0.925842
1.0445
1.0929
0.909678
1.02991
0.977352
1.10814
1.01264
0.926124
0.786367
1.05927
0.987758
0.866671
1.14026
0.992495
1.14361
0.904476
0.997626
1.06643
1.05229
0.986109
1.05795
0.90048
0.882786
0.894912
0.85567
1.04008
0.98277
1.10006
0.967383
1.04088
1.02188
0.973302
1.00251
1.03623
0.982157
1.00696
0.816301
1.08482
1.01282
1.02802
0.998512
1.02473
0.946335
1.01996
1.01466
1.09005
0.91577
0.896733
0.994765
1.02084
1.00918
0.990942
0.99275
0.971786
1.05435
0.855586
1.00834
1.03051
1.00146
1.06252
1.05097
1.11624
1.032
1.00819
0.964389
1.00186
0.990955
0.882686
1.07759
1.09974
1.01153
0.996445
1.06278
1.09892
1.18987
1.03662
0.911344
0.982682
1.09814
0.997539
1.01022
1.04221
0.982812
1.04266
1.04585
0.794024
0.887553
0.817434
0.931955
0.93872
1.01323
1.02922
0.958952
0.902872
0.95162
0.974478
0.985971
0.91825
0.946125
0.965135
0.895177
1.14097
1.05076
1.01434
0.980135
0.965816
1.05655
0.971028
1.10728
1.10161
0.897772
0.871389
1.03187
0.910859
1.04344
1.05569
0.890162
1.1284
0.929362
0.943445
1.04399
0.829587
0.963818
1.22418
0.973966
1.08528
0.945635
1.15471
1.08464
1.16263
0.935655
1.00327
1.07518
1.18978
0.829887
1.03956
1.05877
0.988966
1.11693
1.07881
0.98046
1.12021
1.2543
0.991321
1.09309
1.03919
0.954525
1.00093
1.02502
1.03994
0.989137
1.08722
1.10183
1.0982
1.03283
1.0103
1.01316
0.999989
0.959389
1.06167
0.82913
1.10874
1.06989
1.01007
0.988999
0.980047
0.88811
1.06165
1.06401
1.02021
0.88275
1.03186
1.05535
1.06951
0.951928
0.945428
0.999613
1.04213
1.18323
1.07195
1.00709
0.824562
1.08887
0.981714
0.976772
0.8603
0.994927
1.07706
1.03983
1.0441
0.994643
0.864471
1.01018
1.03163
0.958695
0.872618
0.96551
1.08515
1.14329
1.08855
0.982434
1.00317
1.08326
1.06786
1.0182
0.961885
1.03127
0.915752
1.06649
1.05357
1.04153
0.984493
1.02822
1.04452
1.04029
1.1386
1.00719
1.12658
1.01911
1.02192
1.06221
0.98504
1.02837
1.10231
1.06314
1.00938
1.04225
0.880594
1.03143
1.00577
1.03256
0.906728
0.915703
1.01127
1.0222
0.951206
1.05934
1.02398
0.888475
0.912775
1.07415
0.907614
1.07126
1.07759
0.871916
1.14162
1.02125
0.895791
1.00475
0.828689
0.971332
0.877975
1.17982
0.843242
0.971207
1.00173
1.10261
0.893524
1.0666
0.995296
1.04011
0.985426
1.10088
1.02871
1.10904
1.04761
0.996636
0.924864
1.22328
0.907936
1.11195
1.13669
0.922623
1.04821
1.08256
1.12321
1.08933
0.980877
0.947474
1.03135
0.989896
0.99961
1.01491
0.891725
0.89895
0.927405
0.969853
1.00131
0.868289
1.15224
1.0097
1.10575
1.00883
0.953923
1.02409
0.858183
1.00461
0.836558
1.0825
0.979183
1.03001
0.911908
0.83625
0.934059
0.931287
1.09208
0.886966
0.970644
0.998628
0.986599
1.05587
0.972645
0.903566
0.962819
0.954751
0.893536
0.985262
1.11437
1.07224
1.06368
0.941064
0.831395
0.854207
0.949504
1.1019
1.12205
0.999971
1.03321
0.926847
1.01451
0.85521
1.02914
1.01572
0.96833
0.973957
1.06389
0.993317
1.03859
0.853462
0.973565
1.01402
1.05183
0.946161
1.01384
1.03863
1.05114
1.03358
1.0571
1.07059
0.906604
1.10145
1.0718
0.916212
0.976878
0.88497
0.996609
0.911768
1.00211
1.12161
1.21923
1.05021
0.984942
1.0594
0.861088
1.02106
1.00599
0.979629
0.971639
1.1289
0.943013
0.998331
1.1049
1.01513
0.962042
0.902986
1.08103
1.09998
0.978423
1.25427
0.987903
0.950904
1.02681
0.956093
1.06797
0.834411
1.17886
1.0704
1.10901
1.00897
0.92281
1.04855
0.944863
1.01004
0.978124
1.06905
0.996654
0.96972
1.1351
0.818689
1.07004
1.09541
1.22542
0.936428
1.05062
0.961817
0.962618
0.847637
1.22058
0.964518
0.82483
0.961027
1.00174
0.916372
0.892663
0.999036
1.03957
0.925689
1.04715
0.882768
1.10861
1.13609
1.03592
0.881165
0.99974
1.00821
1.03642
0.934871
1.06009
1.21807
0.902836
0.973423
0.906222
1.05561
1.19914
0.987552
1.0265
1.08821
0.945576
0.941279
1.11669
1.07378
1.05126
0.878545
1.08212
0.964501
1.01398
1.0621
1.08893
1.05891
1.05647
0.966192
1.01938
1.04144
0.960884
0.979445
1.11195
0.821647
1.01239
0.807436
0.990848
0.87034
1.11847
1.00261
1.15708
1.11319
1.04431
1.06734
0.879487
1.02767
0.9584
1.00956
0.920322
0.992976
0.949223
1.12846
0.994748
1.0612
0.965135
0.879981
0.833071
1.1301
0.922551
1.03299
0.805446
0.87432
0.978561
0.809273
0.964544
0.974357
0.916853
1.06774
0.955178
1.10203
1.09553
0.99271
1.01196
1.04586
0.854793
0.977742
1.00452
0.95876
1.12072
0.982036
0.983374
1.09527
1.03829
1.00987
0.864822
0.9118
0.867627
0.919465
0.994364
0.820727
1.101
1.133
0.89578
1.06549
1.05268
1.10524
0.925588
0.960268
1.03381
1.00989
0.83861
1.04647
1.00219
0.90654
1.10764
1.00272
1.04867
1.01625
0.995495
0.990445
0.977522
0.853584
1.10001
1.12098
1.06672
0.911363
1.03507
1.11379
1.03869
0.842584
1.08916
1.07758
1.1382
1.03111
0.974803
0.795842
1.10696
0.992939
0.984047
0.950666
1.07441
0.975344
0.907337
1.23355
1.04479
1.05628
0.769362
1.15191
1.01497
1.12181
1.07532
1.01905
1.01459
1.10399
0.892252
1.04206
1.07351
0.904985
0.942111
1.09844
1.09692
1.04094
1.1091
0.894424
0.850806
0.919302
1.11726
1.06277
1.04433
0.91024
1.07927
1.20424
0.980367
0.933272
1.05598
1.02849
0.865151
1.08625
1.06045
0.976115
0.975759
1.10402
1.01335
1.04767
1.02301
1.13963
1.11568
1.11286
1.08443
0.943677
0.864966
1.02921
1.04572
0.933406
0.972991
1.0421
0.978154
0.851885
1.02975
1.0446
0.891285
1.12976
1.06034
1.05326
1.10351
1.09564
0.975652
1.13259
0.884538
1.05845
1.11561
0.9284
1.00359
0.984964
1.01815
0.980097
1.20067
0.907581
1.09776
1.01217
0.920134
1.09591
0.974171
1.01168
1.07358
0.937665
0.98316
1.01802
0.991411
1.00763
1.0138
0.80551
0.879805
1.00764
1.00274
1.02672
1.12102
0.939754
0.992809
1.0382
0.84928
0.932185
0.926781
0.91109
1.04727
0.891507
1.11444
0.854375
1.03078
0.765972
1.01255
0.917592
0.881681
0.893121
0.968733
0.857062
0.990937
1.15473
1.14885
1.09211
0.936904
0.982442
1.02209
0.932926
1.04406
1.1311
1.07289
1.14119
1.01815
0.959609
1.12822
0.995265
0.973708
1.02603
0.951572
1.04837
0.948398
1.01987
0.917001
0.870988
0.903057
0.954259
0.975076
1.07978
1.11267
1.10847
0.929664
0.968537
0.955792
0.911165
1.1142
1.01497
0.880952
1.01563
1.17012
0.839208
1.06502
0.906588
0.947252
1.01357
1.11774
0.958551
1.00087
0.998537
0.886937
1.1022
0.812175
1.05041
0.961985
1.06913
1.18748
0.923109
0.948255
0.817227
0.995364
0.87703
0.791925
1.02818
0.915865
1.02072
1.02372
1.05669
1.17068
1.04775
1.0456
0.903532
0.889125
1.0301
1.08424
0.844162
1.06795
0.858166
0.952148
1.06615
0.90656
1.00507
0.859789
1.03961
1.13556
0.913875
0.946021
1.04715
1.08985
0.931006
0.992898
1.08367
1.0127
0.998435
1.05872
0.95139
0.881685
1.05023
1.00198
1.10805
1.06469
1.03271
0.97885
0.914429
1.02858
0.93883
1.05605
0.921776
0.941969
0.959998
1.03099
1.05219
1.07107
1.15756
1.0636
0.988255
1.11711
0.977202
0.90151
0.970536
0.773164
0.968226
1.07209
0.967372
0.924123
1.02857
0.896626
1.05447
1.00796
1.15335
0.968535
1.08258
0.929056
1.01979
1.01665
1.06402
1.00445
1.1787
1.14411
1.04513
0.886735
1.111
1.05073
1.0659
1.06029
0.944175
1.1459
0.953831
0.817329
0.936572
0.922529
0.996851
1.09774
1.06354
1.13433
0.951481
1.11748
1.02638
0.894374
1.065
0.995669
1.08596
1.02053
1.09181
1.05948
1.09069
0.900199
1.14511
1.12138
0.96222
1.02392
0.930049
0.917948
1.0542
1.12143
1.05682
1.02438
0.914365
1.11407
1.03303
0.979923
1.03469
0.928202
1.01593
0.984739
1.03418
0.96549
0.863357
1.10039
1.04674
0.971764
0.938613
0.923091
0.99737
1.04043
0.941391
0.907172
1.12853
0.982131
0.95365
1.04473
1.02027
0.994516
0.965286
1.05293
1.02014
1.0767
1.15623
0.971237
0.996121
0.949815
0.977764
1.20921
0.938694
0.93886
1.03166
0.881877
1.00993
0.886445
1.03213
1.0299
1.06509
0.984862
1.09711
0.967769
1.0543
0.930514
0.88263
1.07995
0.847756
1.07616
0.840244
1.08825
1.04585
1.10111
1.03418
0.907614
0.970855
1.02328
0.933092
0.870193
0.939155
0.952953
0.989011
0.926224
0.934677
0.989907
1.0068
1.02155
0.939042
1.11208
1.12893
1.0322
0.97314
0.833874
0.936564
0.901415
0.908303
1.09199
1.06274
1.0233
1.04652
0.995813
1.05046
0.973158
1.01038
1.05002
0.958991
0.85186
0.948087
0.88726
1.02696
1.08431
0.837125
1.04733
0.913417
0.894593
0.972013
1.02962
0.994178
0.977819
1.12664
0.788274
0.956499
0.884691
1.07346
1.05611
0.94696
1.04586
0.971591
0.93741
1.14517
0.991574
0.976317
0.923836
1.00056
0.93893
0.979842
0.975865
1.00995
1.16279
1.04707
1.04606
1.18821
1.05533
0.987324
0.92968
0.83391
1.2412
0.923587
0.808991
0.963047
1.06233
1.00877
0.915239
0.923994
0.909308
1.13207
1.04577
0.978533
1.09096
0.924897
0.984181
1.13115
0.993781
1.04587
0.958125
1.11461
1.1022
0.959643
0.892985
1.05542
1.12017
1.03644
0.870575
1.22807
1.0938
1.09077
1.07946
0.965735
1.12467
0.890529
1.04961
1.02324
1.01979
0.86954
0.985756
0.931785
1.06797
0.873164
1.04094
0.97687
1.01121
0.875284
1.01987
1.13303
0.895265
0.937581
1.00032
0.987539
0.987816
1.00697
0.914317
0.966629
0.87986
0.808609
1.0712
1.05477
0.952671
1.04052
0.882265
1.06076
1.05558
0.944675
0.965237
1.08101
0.929596
0.939501
1.09883
0.930501
0.988414
1.03366
0.770131
0.838828
0.8887
1.08368
1.09394
1.08176
1.04269
1.06369
0.920742
1.1114
0.948476
0.962533
1.05447
1.15335
0.990767
1.03579
0.937603
1.03361
1.12313
1.14399
1.02531
0.928019
1.01511
1.02259
1.01628
0.871777
0.99254
0.984605
0.905009
1.03732
1.01673
1.09935
1.0339
1.01309
0.980477
0.932966
0.993047
1.08041
0.956451
1.08385
0.836973
0.8776
1.02693
1.09266
0.884726
0.997942
1.01301
1.00902
1.15562
0.973087
1.05555
0.989905
0.997667
1.03139
0.938808
0.928125
0.894614
0.897175
0.946061
0.998655
0.958698
0.816099
1.038
1.09759
0.967288
1.03245
1.13376
1.08178
1.0865
1.01634
0.961649
0.997388
1.07045
0.966173
0.947799
1.1982
1.02849
0.979825
0.948005
1.0548
1.15651
0.875563
1.0387
0.936075
0.955014
1.05376
1.03137
1.06491
0.8777
0.864995
0.930576
0.985171
1.11649
0.88701
1.02673
1.11645
1.15559
1.04039
0.887382
0.857469
0.819481
1.11859
0.930071
1.00033
1.04603
0.997961
0.985958
1.07495
1.06374
1.0632
1.19172
0.963603
0.93812
1.08987
1.02295
1.00793
1.13702
1.06854
0.982232
1.17111
1.045
1.0303
0.970632
1.02404
1.07403
1.02997
1.07065
1.02613
0.993217
0.931623
1.10491
1.0078
0.919072
0.938671
0.977366
0.896232
0.934683
0.938402
0.909935
0.841473
0.956306
0.824417
0.839118
1.04911
1.01275
1.19153
1.0943
1.08231
1.11723
1.02345
1.09091
0.959581
0.972922
1.14435
1.16101
1.04658
0.930309
1.0739
0.929852
1.09959
1.05289
0.963619
1.11375
0.979262
0.938864
1.09242
1.01245
1.11483
1.02917
1.01216
1.0413
1.03398
0.983413
1.00501
0.925104
0.859121
0.923968
0.949778
1.02285
0.980511
1.05176
1.06291
1.01651
1.06715
1.13356
0.958267
0.940176
0.970775
0.924417
1.02497
1.17704
0.834756
0.993043
0.987947
1.05988
0.948549
0.923026
0.941207
0.941203
1.04406
0.84982
1.02367
1.1421
0.926475
1.0009
1.06841
0.96447
1.01406
1.02344
0.876862
1.14092
1.11027
1.03612
0.971044
1.02338
0.990623
1.03919
0.87436
1.09611
1.00339
0.966643
0.947048
1.08894
1.0337
1.01736
1.09489
0.928997
0.79908
1.05836
0.936214
0.978546
0.987651
1.00562
1.03462
1.27227
0.841057
1.13113
1.03698
1.01428
1.01136
0.888216
1.08565
1.15658
1.02989
1.10483
0.951654
0.936539
0.957475
1.02596
0.917059
1.11808
1.04908
0.96351
0.963305
1.00011
0.953143
0.953992
0.894606
1.05582
0.918863
0.947984
1.12185
0.895192
0.903336
0.943827
1.01902
1.00273
0.949327
0.92698
0.81647
1.05
1.09521
1.1216
1.07376
0.901232
1.26707
0.904026
1.02258
0.92304
1.12225
1.07557
0.942773
1.00298
0.970112
1.04484
0.916683
1.16986
1.09561
1.01836
0.923342
0.981003
1.06242
0.957885
1.03889
0.927971
1.04796
1.06765
1.05249
1.13573
0.92594
1.06322
1.00174
1.00463
0.942711
1.01494
1.08324
1.09547
1.01278
0.974486
1.04021
0.963714
1.06633
1.05622
0.94774
1.01951
1.17336
1.06681
0.982901
1.04347
0.925139
1.02799
0.927237
1.03264
0.975266
1.12365
1.17271
1.06805
0.999286
0.860363
0.961158
0.895832
0.835765
1.12497
0.953424
0.993288
1.01738
1.02632
1.0552
0.87954
1.07373
0.983335
1.04278
1.09902
0.869366
0.918063
1.07318
0.976018
1.10908
0.906561
1.02808
0.914857
0.9795
0.957712
1.06636
1.00314
1.1423
1.06584
1.03033
0.887977
1.03024
1.02366
1.04674
0.965674
1.01342
1.05201
0.966105
1.16718
0.940681
1.19607
0.981085
1.10456
1.04669
1.103
1.13864
0.952095
0.988138
0.961374
1.01413
1.00526
1.02649
0.908123
1.00512
0.924437
1.00581
0.904941
0.926071
0.927818
0.954204
0.955726
0.9097
1.05273
0.949292
0.882296
1.00354
1.02828
0.974947
0.995416
1.1285
0.953896
0.93856
0.944432
1.05206
0.935603
0.819509
1.2113
0.932981
0.891506
0.904576
0.907329
1.08744
0.969209
0.985506
0.977259
1.00593
0.965319
0.977025
1.06959
1.08118
0.994946
1.00825
1.05636
0.918376
0.9659
0.802305
0.915746
0.930123
1.00533
1.0817
1.06303
0.847175
1.03219
0.920145
1.03414
1.06499
0.883569
0.972725
1.01386
1.00553
1.00147
1.14889
1.00309
0.97059
1.04358
0.963734
1.00459
0.86191
0.942408
1.01934
0.992508
1.13007
1.10349
0.789878
0.903469
0.951584
1.08443
1.15791
1.09641
0.902725
1.0812
1.01284
1.0035
1.06287
1.0489
1.10049
1.01955
0.953675
1.0401
0.923657
1.04266
1.06195
0.98362
1.07363
1.0276
1.10219
0.942103
0.786571
1.06666
1.03838
0.937128
1.02497
1.00003
1.02601
1.03708
1.01085
0.872646
0.845032
0.839243
0.91864
1.19453
1.06227
0.990043
0.95077
0.989565
0.879129
1.10771
1.01026
0.983131
1.06349
0.99556
1.12971
1.06582
0.973305
0.969273
0.89708
1.02382
0.979334
1.09991
0.996817
0.914712
1.05202
0.943677
1.1215
1.08912
0.914685
0.926499
1.00279
0.883098
0.86066
1.0706
0.953605
0.84882
0.959841
0.851242
1.02416
0.951873
1.02624
0.939899
0.953669
0.962059
0.937926
1.07635
0.956202
0.738825
1.07974
1.10994
1.00333
0.980297
0.959563
0.817953
1.00954
1.06833
0.891137
0.90362
0.848845
1.01278
1.1304
0.996092
0.959417
0.995481
0.96184
1.06619
1.12115
0.866661
0.990577
1.00324
1.06629
0.959304
0.951095
1.1035
0.897815
1.00542
0.983996
1.09777
0.889514
1.08403
1.00007
1.02323
0.957805
0.814673
0.952765
0.924066
1.00871
0.903153
1.11624
1.02675
1.09114
0.933861
1.10736
1.1135
0.86484
0.99894
0.890819
0.984989
1.11902
1.03788
1.01348
1.00634
1.18438
0.941135
1.09969
1.0723
1.11028
1.14305
1.0148
1.03851
1.12768
1.13674
0.975365
0.938266
1.05521
1.03073
1.02717
0.929345
0.859738
0.901792
0.963171
1.05146
1.00814
1.07985
1.07904
0.948757
1.06076
1.14164
0.876125
0.934814
0.98918
1.09009
1.04489
1.08286
0.96388
0.929466
1.00539
1.12683
1.02263
0.953005
1.14879
0.902554
0.926638
0.877269
1.15321
0.936191
1.02398
0.923331
1.01877
1.0648
0.844505
1.07873
0.710093
0.921831
1.05936
0.969662
1.0621
0.91189
1.08707
0.974657
0.858695
0.922881
0.938662
0.983818
0.974575
1.1145
0.963985
0.942521
0.954132
1.10301
1.00966
0.95567
1.00627
0.964874
1.06681
1.12204
0.976036
0.90144
0.896784
0.936222
0.967039
0.904854
1.05455
1.0812
1.00347
1.0995
1.07008
1.06119
1.04543
0.907308
0.939379
1.03258
0.99799
0.971322
0.960328
1.09287
1.01911
0.993706
1.12879
1.02144
1.08396
1.00326
1.0859
0.947876
1.08052
1.08149
1.05641
1.02422
1.00642
0.932432
1.1141
0.99217
1.07127
0.871421
0.994994
0.87973
0.986
0.967285
1.06803
1.05309
0.86244
0.985635
1.04187
1.01319
1.01847
1.18677
0.796525
0.92172
0.886076
1.1756
1.11013
1.01134
1.06047
0.971937
1.02968
0.922892
1.0825
1.11753
1.13296
0.908297
0.988828
0.930703
0.991285
1.15141
0.948766
1.0203
0.871572
0.962207
1.14953
0.908894
0.958465
0.893847
0.95915
1.09471
0.912872
1.04786
1.13357
1.10735
0.837751
1.07379
1.20967
0.93722
1.12105
0.995454
1.21185
1.03628
0.847791
1.07965
1.06527
0.973705
0.958527
1.04347
0.86049
1.04227
0.998808
0.92695
1.04486
1.03359
1.04754
1.00613
0.969441
0.955558
0.951949
1.03344
1.09658
1.04504
0.94683
1.02867
0.887814
0.98494
1.08812
1.03713
0.950329
1.04301
1.06979
0.927224
1.09501
1.11404
0.953831
1.05583
1.05709
1.05854
0.939989
0.960951
0.867329
0.942031
1.08745
0.960983
0.983707
0.928034
0.972333
0.929635
0.9449
0.960145
1.05743
1.06524
1.1622
0.994759
1.00421
1.11259
0.940368
0.989098
0.873858
0.969934
0.889701
1.05305
1.05845
1.0338
0.988501
0.896263
0.950073
1.02641
0.866445
0.962485
1.14487
0.998689
1.20565
0.990667
0.959435
0.902335
1.15146
1.11387
0.966773
0.869272
0.953746
0.977665
0.921845
0.951992
0.932354
1.08976
0.972932
1.06414
0.9608
0.936289
0.889764
0.918357
1.06075
1.05994
0.988595
1.01342
0.936168
0.888772
0.989317
0.923484
1.11917
1.09611
1.07308
1.16079
0.930222
0.949339
0.876942
1.02681
0.985749
1.11877
0.850004
0.91892
0.942867
1.11895
1.04664
1.06804
1.02239
1.04521
0.778873
1.01236
0.995282
1.1049
0.964937
0.921829
0.957966
0.968977
0.916624
1.01855
1.07037
0.950471
1.08917
1.08569
0.911133
1.10283
0.887892
0.967215
1.05908
0.953979
0.792207
1.13223
1.04689
0.920961
0.947944
1.04155
1.07467
0.988018
1.08353
1.06599
1.1057
0.999244
0.95318
1.03937
0.883763
1.06924
0.84579
1.17556
1.06363
1.05636
0.808473
1.05275
1.02682
0.873106
0.976318
1.02339
1.1257
1.15314
1.03209
1.00776
0.931611
1.03954
0.893722
0.976183
0.93024
0.98316
1.11136
0.946206
1.01063
0.89465
0.990029
0.990733
1.15707
1.05242
1.00888
0.981232
0.978071
0.988295
1.01402
0.994633
0.940768
0.959019
1.16553
0.895146
1.04248
1.10525
1.0412
0.910523
0.96458
0.908961
0.989242
1.02289
1.03878
1.12008
0.96043
0.962057
1.04278
0.943447
1.0292
0.921046
0.898717
1.07168
0.929894
1.05974
1.04066
1.06866
0.930183
1.11951
1.11873
0.907565
1.12834
0.864633
0.933092
0.992596
1.14975
0.966957
0.851024
1.08039
0.913346
0.966835
0.898281
1.04683
1.06762
1.02646
0.924214
0.97192
0.981852
0.977939
1.00534
1.06483
0.927708
0.999111
0.899056
1.07703
1.1539
0.994936
0.976436
1.01736
1.17617
1.07806
1.02537
0.962396
0.952459
1.09821
0.994407
1.04216
1.11717
0.983631
0.994818
0.951362
0.964717
0.991693
1.02549
0.983867
0.925956
1.04858
0.983169
0.959875
0.961641
1.08209
1.11236
0.970782
0.89556
1.01513
1.05227
1.1149
0.935615
0.933549
0.953697
0.791902
1.09698
0.817203
0.959047
0.864583
1.01002
0.897535
0.866033
0.986907
1.04896
1.06049
1.01611
0.841603
0.957912
1.11933
1.04702
0.873092
0.975329
1.04553
0.951777
1.07532
0.913437
0.99493
1.10708
1.10625
1.04087
0.960065
0.971674
0.943861
0.90968
1.02415
1.12682
0.876581
1.06419
0.952249
1.09859
0.944012
1.14675
1.11755
0.949545
1.06625
1.13288
0.863247
0.968747
0.768265
0.852975
1.08733
1.11252
0.929539
0.979534
0.977375
0.955704
1.03002
0.865579
0.854805
1.01871
1.00825
0.914508
1.06298
1.03346
0.892111
1.09081
0.93438
1.00269
1.15023
0.930015
0.921801
1.1127
0.830955
0.88641
1.00191
0.926916
1.02839
0.881957
0.948363
1.00814
1.08108
0.976204
1.01081
0.988633
0.905289
0.893614
1.06792
0.963762
0.884296
0.92443
0.932723
0.873438
0.845832
1.07147
0.925708
0.915697
0.908307
0.941779
1.02064
0.956588
0.994477
0.958688
0.932052
1.21535
1.11955
1.01258
0.931307
0.933214
1.05528
1.06204
0.943207
0.750351
1.02996
0.949651
1.03052
0.979533
0.816682
1.09853
0.984176
0.951635
0.858866
0.9641
0.975436
0.898515
0.783638
1.03828
0.937627
0.992015
0.86968
0.924338
1.06274
1.01311
1.10325
0.908247
1.11781
0.990679
1.00162
0.990585
1.18611
1.05427
1.04529
1.03241
1.03685
0.997281
0.93463
0.986075
0.963615
0.945558
1.01429
0.929149
0.948561
1.05152
1.05652
0.874041
0.904661
0.957525
1.05909
1.03691
0.999683
1.00301
1.07275
1.23072
1.03806
1.03978
1.00274
1.00816
0.927369
0.996948
1.02529
0.949684
0.873101
1.10489
1.00873
0.863902
1.12669
1.0604
1.04148
0.997629
0.942622
1.09401
1.09523
0.886075
0.98162
0.93082
0.887996
0.960877
1.09277
0.8061
1.06222
0.939029
1.07624
1.02923
1.04129
1.01777
1.00039
1.01258
0.879236
1.01511
0.94672
1.08097
1.08388
0.944735
0.983175
0.955961
1.12151
1.12831
1.06945
1.09412
1.05306
1.02605
0.83194
1.01929
0.872915
0.937844
1.03314
1.01382
1.00179
0.960675
0.929189
0.963105
1.03829
1.0186
1.11321
0.982871
1.21582
0.946239
0.925451
0.793157
1.03358
0.948458
1.07377
1.10211
0.979209
0.955784
1.0528
0.973457
0.954617
0.789737
0.860027
1.07144
0.979065
0.94839
0.954366
0.928278
1.0149
1.07673
1.05192
1.10839
1.04258
0.874192
0.913312
0.855925
0.879192
1.03515
0.961862
0.967279
0.973859
1.0391
0.931163
0.972919
1.01151
0.812822
0.889209
1.0019
1.09133
1.00174
0.875348
0.749768
0.875436
1.06995
0.895505
0.922961
0.880933
0.859195
1.04108
1.04778
1.01789
0.979527
1.03774
0.977192
0.923874
0.922982
1.05738
1.08315
1.00984
1.14878
1.07193
0.999255
1.11138
1.01388
0.954824
1.01244
1.04945
1.0896
1.08984
0.958551
1.02855
0.87998
1.03053
1.04048
0.901434
1.0334
1.02921
1.05372
1.00238
0.974517
1.00176
1.01908
1.01109
1.00306
1.03481
0.927158
0.932799
0.981829
1.05964
1.07481
0.985735
1.01033
0.947777
1.04145
0.942692
1.10937
0.947747
0.829744
1.08074
0.898454
1.02776
1.06293
0.913849
1.05021
1.01494
1.10299
0.933386
0.917063
0.927368
0.968944
1.11081
0.837609
0.960542
1.0065
0.949973
1.14877
0.918199
1.08168
0.89707
1.06825
1.06548
0.942041
1.02171
1.12002
0.759393
1.02842
1.13298
0.961589
0.991848
1.03549
0.942864
0.960958
1.12867
0.912167
1.1897
0.969938
1.02423
0.982897
0.911927
0.949808
1.08156
1.06177
0.93586
0.906773
0.937175
0.982843
0.833559
0.99522
0.945419
0.898068
0.895738
0.911508
0.892895
1.02146
0.862589
0.972476
1.0234
1.15104
1.04571
1.08121
1.04179
1.02163
1.06091
1.0032
0.952981
0.97723
1.02839
1.06462
0.985978
0.927821
1.03948
1.16406
0.996631
0.952813
1.12753
1.01679
1.01225
0.980012
0.979636
0.98825
0.935765
0.923515
0.91885
1.05333
0.957967
0.944572
0.937649
1.00499
0.849756
0.791004
0.994528
1.04937
0.872705
0.986683
0.871958
0.885758
1.05048
1.06889
0.992388
1.07779
1.08648
1.06652
1.16109
1.0336
1.12083
0.98835
1.03835
1.02109
1.00495
0.854363
1.1156
1.08203
0.979782
0.951573
0.94423
0.944393
0.983268
1.0473
0.867735
1.0112
0.917209
0.994865
0.959173
0.945301
1.03259
0.957733
0.935956
0.884438
1.04375
1.23271
0.887856
0.924465
1.12252
1.19936
1.10169
0.913352
1.01335
1.14187
0.826722
0.985833
0.937752
0.990739
1.04251
1.03283
1.01645
0.953417
1.05652
0.991477
0.888473
0.775649
0.982504
0.964701
1.07049
0.96041
1.01057
0.923583
1.03045
1.13145
1.14909
0.978707
0.956705
1.05592
0.968083
1.07444
0.922943
0.964976
1.13628
1.07288
1.05044
1.03623
1.03251
0.881563
0.965123
0.925656
0.924843
1.18375
0.914327
1.07191
0.979806
1.10835
0.815577
1.03611
0.892272
1.06638
0.904858
0.958665
1.11855
1.00462
1.00738
1.00618
0.921027
0.895258
1.00241
1.09566
1.04669
0.941561
1.1907
0.946482
1.04768
0.950732
0.812514
1.05733
0.952553
1.07251
0.899883
0.86898
0.908238
0.984922
1.00664
1.04255
0.93301
0.92682
1.00896
0.980661
0.953347
1.07494
1.06346
0.958801
0.966392
1.02559
1.05767
1.09197
0.968005
1.03581
1.09364
1.00909
1.09183
1.10031
0.979494
1.0369
1.12338
0.919243
0.977183
1.0423
0.944259
0.865954
0.975869
1.07765
0.917668
1.00539
1.04484
1.18039
1.11151
0.932964
1.09563
0.963377
1.02586
1.02752
0.847636
0.864037
1.00633
1.13364
1.03234
0.831505
1.03646
0.89496
0.86726
1.08557
1.0573
1.04163
0.950955
0.965975
1.04946
0.912464
0.948723
0.782147
1.05711
0.986254
0.973966
1.09472
1.04932
0.840227
0.98097
1.02817
0.941068
1.15789
0.927103
0.931405
0.896421
0.93596
1.00037
1.08946
1.01106
1.10036
1.02883
1.06739
1.01969
1.00564
0.892362
1.1312
0.991597
0.891938
0.974657
1.01591
0.871925
1.14475
0.9398
1.10381
1.02021
1.01858
1.05987
1.00961
0.872449
1.13888
1.11054
0.95754
1.08639
0.787891
0.910211
1.07177
1.12698
1.13664
1.18752
1.15897
0.990978
0.847188
1.00292
0.939542
1.01258
1.02205
0.930607
1.02314
0.917544
0.991443
0.897117
0.816409
1.0998
1.11179
0.946473
0.960067
0.931507
0.993101
0.991349
1.00501
0.944021
1.01855
0.926041
0.965922
0.979746
1.07266
1.01771
0.950516
1.17954
1.08958
0.908463
1.03817
1.08072
1.07654
0.979932
0.860561
1.10306
0.979689
1.06004
1.09216
1.03379
0.984903
0.903417
1.0261
1.01157
0.944865
0.881591
1.12382
1.13783
1.0357
0.893289
0.98966
0.990783
0.914762
0.821841
1.07588
0.958389
0.984822
0.84664
0.999253
0.943921
0.955485
0.909787
1.01194
1.05123
1.1236
1.09447
0.984217
1.02715
1.01359
0.927479
0.86058
0.938762
1.09391
0.973908
0.903142
0.914019
1.10105
0.976033
0.951089
0.913798
0.934514
1.05004
0.900471
0.98256
1.04693
1.014
0.872406
0.997502
0.989278
0.982788
1.06525
0.841721
0.992014
1.03681
1.02765
1.02797
0.997432
1.08371
1.08953
0.95403
1.05236
0.903032
1.1857
1.04001
1.03307
1.11458
0.978274
1.02192
0.995089
1.05531
1.04093
1.0707
1.00544
1.02609
1.12819
1.09856
1.06724
1.08045
0.830004
0.948446
0.822636
1.00899
0.987412
0.927167
0.998752
0.870473
0.96381
0.847031
0.904613
0.892755
0.991691
1.08302
1.07453
1.08568
0.8291
1.08937
0.893619
0.913411
0.972245
0.96333
0.877194
1.03717
1.04859
0.952811
0.973541
1.20157
0.861695
1.07194
0.956608
1.12404
0.976762
0.935151
0.956808
0.976375
0.836332
0.853256
1.00748
0.928451
1.14089
1.06596
0.877537
1.07125
0.988799
0.851559
1.08643
1.02819
0.90898
0.972485
0.99765
0.955097
1.0197
0.957855
0.916558
0.908169
1.00576
0.987575
1.00588
1.035
1.06218
0.955118
1.01005
1.02774
1.11512
0.869664
1.07682
0.92765
1.03584
1.12139
1.02399
0.970169
0.875854
1.0789
0.994563
1.02126
0.823098
0.96135
0.943741
1.15875
1.05781
0.904221
0.947214
1.00106
0.891138
1.04358
0.986574
0.92682
0.900929
0.973643
0.847377
0.960104
1.07031
0.947588
1.04139
0.883127
0.919314
0.886595
0.931386
0.955622
0.898936
0.995565
1.03658
1.13448
1.04555
0.973477
0.86448
0.885522
0.912535
1.02816
1.07848
1.10406
0.938917
1.03632
1.12589
0.946945
0.916678
0.926238
1.14256
0.963849
1.00723
0.948866
0.946009
1.02914
1.13402
1.05003
1.09976
1.15203
1.06453
1.02509
0.896757
0.941723
1.02733
1.07873
1.16411
1.04884
0.949994
1.04036
0.957778
0.922612
0.857279
0.972154
0.968536
0.901635
1.02087
0.862194
0.886651
1.13909
0.780293
1.06339
0.977005
1.01899
0.970567
1.13489
1.03973
0.859878
1.02214
0.988207
0.943746
1.09792
0.991396
0.977657
1.04554
1.13265
0.966075
0.973949
1.07817
1.03123
0.955866
0.876843
0.940342
0.924451
0.896318
1.07766
0.974917
0.970557
0.916733
0.933424
0.967867
1.03422
0.859728
0.901094
1.03012
0.985984
0.918818
0.897964
0.903045
0.939691
1.07348
0.941824
1.06795
0.953714
0.996417
0.906264
0.887128
1.10671
1.14596
1.07098
0.837673
0.999937
0.897251
0.908653
0.841785
0.994585
1.17408
1.01518
0.95762
0.988472
0.984578
0.824485
1.02102
1.15399
0.965385
1.02636
1.00454
1.00861
0.839451
0.990889
1.05373
0.936812
0.790746
0.968978
1.04987
0.991587
1.06735
1.03454
1.06636
1.07255
1.0358
0.9798
1.14641
1.10153
0.984153
0.922746
0.902311
1.04259
0.9309
1.01427
0.874196
1.07604
1.01587
0.883246
0.970069
0.791227
1.06228
0.89215
1.00167
0.958227
1.15943
1.22641
0.904701
0.934848
0.91007
0.89309
0.942991
1.05886
1.02597
1.05985
1.09896
0.976043
1.03608
0.915464
1.00148
0.796595
1.02094
1.06066
1.01172
1.08214
0.88707
0.955834
0.947053
0.95564
1.01132
0.89742
0.927922
1.03956
1.02307
0.999292
0.948532
0.908265
1.14882
0.901578
1.1205
0.994832
1.02229
0.973881
0.953398
0.918586
1.03711
0.86953
1.14456
0.904832
0.869965
1.06158
0.974579
1.067
1.0067
1.00904
0.985084
1.10618
0.908286
1.0751
1.01491
0.964093
1.00108
0.875605
1.03709
0.950809
1.00373
1.09627
1.01523
1.13677
1.09789
0.91041
1.01172
0.93167
1.04271
1.09047
1.03117
0.95434
0.894446
0.886405
0.919208
0.9988
0.988086
0.945934
1.0529
0.988898
1.01241
0.97068
1.00402
1.01729
0.874762
1.00716
0.838762
0.890539
0.933589
1.12486
1.06056
1.02207
1.01713
0.927841
1.04969
1.00785
0.89961
1.21533
0.94634
0.853565
0.959015
0.875248
1.03359
0.953085
0.961006
1.05011
1.06604
0.993032
1.01478
1.00505
0.964337
1.04876
0.865078
0.973685
1.01118
1.03175
1.08678
0.976455
1.04615
0.920515
0.938975
0.953014
1.15945
1.16679
0.913494
1.00148
1.00787
1.05896
0.960937
1.10883
1.03695
1.06273
0.92974
0.976793
0.954595
0.968984
1.0062
0.816682
1.14586
0.955827
1.03988
1.0933
1.05166
0.957164
1.04546
1.02604
1.06118
1.07869
1.15918
1.02101
0.965744
0.952159
0.91821
0.871859
0.856383
0.980095
1.06298
0.921003
0.973673
1.12535
1.04124
0.918125
1.08422
0.944665
0.921689
0.862864
0.966578
0.956029
0.954745
0.960819
0.983477
1.0622
0.923342
0.917289
1.13026
1.02383
1.18467
1.05872
1.05794
1.01127
0.980769
1.0541
1.07874
1.03815
0.913335
0.956284
1.04695
0.956536
0.954272
0.822503
0.981225
1.01746
0.854135
0.958301
0.967437
1.0347
1.02593
1.0241
1.07094
1.04367
0.961261
0.99585
1.1113
1.05557
1.12277
1.01953
0.990589
1.01589
0.888247
1.01582
1.10509
1.08374
1.0196
0.948774
0.777774
1.04344
1.06804
0.977583
1.03778
1.02874
1.01592
0.896997
0.879244
1.09285
0.940546
1.07088
0.85907
0.998918
1.06231
1.04789
0.852963
0.941843
0.89632
0.92143
0.935598
1.21587
0.997399
0.958273
0.968778
0.99386
0.928805
1.20891
0.975623
1.02047
0.888875
1.16575
0.930962
1.01128
0.941239
1.14115
0.978922
0.976062
0.869179
0.924759
1.08315
0.958032
0.875918
0.978278
0.786415
1.05511
1.07884
1.05149
1.04775
1.04934
1.05493
1.14358
1.03013
0.969217
0.979333
0.938578
0.963723
0.975969
1.16278
1.15637
0.97979
0.996526
1.02634
0.914458
1.00611
0.945377
1.00822
1.09997
1.03336
0.98296
0.956435
1.02819
1.12383
0.984696
1.06091
1.19109
0.820213
1.07723
0.969876
1.0498
0.854538
0.903922
1.09419
1.07862
0.967202
0.961494
0.925576
0.978182
0.999311
0.936213
0.91344
1.01379
1.06109
1.05992
0.949238
1.12526
1.07199
1.09674
0.962576
1.10013
0.875388
0.973026
1.04158
0.981933
1.02803
1.01423
1.05163
0.958005
1.11887
0.978026
0.93439
0.860746
0.874899
0.942923
1.00816
1.1393
0.91073
1.15966
1.02002
0.970223
1.08884
0.83754
0.880742
1.03577
0.909488
0.91343
1.06886
0.94585
0.94896
1.01313
0.95107
1.04071
1.17603
0.994121
0.866603
0.892823
1.07149
1.09049
1.0023
0.874135
1.02532
0.89253
0.901246
0.982158
1.02851
0.887139
0.949008
0.914971
0.953927
1.07355
0.993675
0.98191
0.945849
1.03833
1.05765
0.862131
0.896374
0.986388
0.935935
0.977758
0.993052
1.09392
1.03199
0.936647
1.23005
0.944258
0.905939
0.921624
0.938063
1.15072
1.06277
0.921234
0.983969
0.993625
0.986233
1.03229
0.970591
1.10417
0.867335
1.09329
1.02358
1.01191
1.05468
0.900842
1.10063
1.05161
0.986714
0.99109
1.00639
1.05571
1.01505
1.07337
0.954155
1.02148
1.04471
0.995394
1.04388
1.04496
0.985574
1.00116
0.903998
1.00226
1.06528
0.989598
0.972062
1.03188
1.03076
0.851115
0.974954
0.995567
1.00131
0.904878
1.09671
1.01236
0.959193
0.954916
0.857362
0.967144
1.0829
1.04605
0.98141
1.07132
0.970205
0.930522
1.07088
0.969681
1.0184
1.07377
0.972187
0.928049
0.959914
1.25338
1.01208
1.04473
1.04448
0.870594
0.952761
1.05843
1.22591
1.08401
0.849703
1.18479
1.11415
1.00535
0.995432
1.05411
0.970799
0.822495
1.09842
0.989512
1.0216
1.0807
0.957673
1.03204
0.958428
0.968589
1.01241
1.03702
1.03972
1.12695
0.917345
1.02381
1.03539
1.10576
0.955591
0.974967
0.922877
0.926379
0.948235
0.964695
1.08984
0.952722
0.978841
0.958648
0.975412
0.99195
1.0416
0.873104
0.807455
1.08328
1.06972
1.10404
1.04321
0.995196
0.89791
0.877557
1.1077
0.926027
0.975313
1.02428
1.0836
0.956381
0.926184
1.09176
1.12293
1.13065
1.04842
1.04503
0.910627
0.926393
0.881594
0.959177
0.866266
1.13829
0.985916
1.04658
0.820514
0.967519
0.891399
1.11877
1.0201
0.933236
1.02262
1.12799
1.09001
1.09437
0.971493
0.977077
0.891976
1.12967
0.994159
1.02036
1.0172
0.909205
1.13853
0.987434
0.846899
1.02096
1.11169
1.05523
1.01461
1.0734
1.09329
0.91869
0.882971
1.09046
0.951629
1.06731
1.1585
0.88454
0.951827
0.987998
0.889352
0.952402
0.930018
0.946856
1.04293
0.944242
1.15298
1.12861
0.959886
0.893385
1.07431
1.01748
0.880299
1.03324
0.965194
0.997181
1.00702
1.02943
1.00119
1.01702
0.97265
1.12864
1.01759
0.974115
1.05097
1.02069
0.889964
0.933632
0.947981
1.0672
1.05222
1.00545
0.998504
0.926374
1.01547
1.05079
0.976795
1.07059
1.03112
1.02399
0.976865
0.873368
0.89214
1.01348
0.991315
1.09441
1.00127
0.996393
1.01381
1.0402
0.989482
1.05287
0.95736
1.06555
0.845508
1.08212
0.916825
1.06357
1.09021
0.72169
0.962479
1.06386
1.05036
1.07922
1.08098
1.09414
0.971514
1.03597
0.973269
0.980241
0.893452
0.937336
1.03624
1.1802
1.07284
1.10126
0.997068
1.00335
1.02327
0.908537
1.09283
0.913016
1.02607
1.00016
0.830109
0.90622
0.969442
1.02738
0.928086
1.0613
0.990355
0.876779
1.03759
0.962998
0.923679
1.0791
0.929291
0.990035
1.16499
1.01554
1.07632
0.90902
1.00773
0.912684
0.883301
0.95623
0.919348
0.983643
0.959937
1.02183
1.09854
1.03234
0.948521
1.00974
1.06642
1.00807
0.999772
1.03421
0.895248
1.07739
0.871474
1.10421
0.956266
0.876739
1.04915
0.888861
1.05491
1.05192
1.01751
0.882029
1.00654
0.952857
1.11798
0.936233
0.957151
0.994293
0.925898
1.05739
0.876023
1.06042
0.988403
0.792986
1.03983
1.14142
0.938711
0.993725
1.0041
0.971118
1.11467
1.01269
0.991972
1.02067
1.02189
0.979814
1.09208
0.882959
0.931558
0.993382
1.01723
0.957519
0.747965
1.11685
1.00522
1.04434
1.08672
0.941363
1.03794
0.981724
1.04948
0.988023
0.993462
0.942182
1.06314
1.14892
0.921452
0.905024
1.07581
1.08559
1.05567
0.981734
1.01556
0.952257
1.04195
1.03585
0.98644
1.0383
0.800359
0.913157
1.03062
1.09323
0.953372
0.964208
1.01975
1.02318
0.865654
1.01717
0.919512
0.937514
0.970697
0.922332
0.971805
0.855513
1.02047
0.984074
0.876121
1.04367
0.955128
0.937578
0.881458
0.898545
1.00916
1.05124
0.8818
0.892587
0.994982
0.802264
0.948025
0.90387
0.9579
1.12159
1.07801
0.875327
0.919426
1.04477
1.21174
1.18406
1.03884
0.873451
0.946172
1.18594
0.889958
0.917403
1.08185
0.907545
1.0183
0.939239
0.977135
1.06383
1.16931
0.93596
1.17473
1.13752
0.931519
1.07447
0.950701
1.01453
0.912904
1.04185
0.964659
1.02349
0.961952
0.919035
1.1107
0.941275
0.976386
1.13715
1.03095
1.08418
1.04462
1.05476
1.05392
1.04362
1.05524
1.09273
0.962597
1.10736
0.896134
1.04772
1.09159
1.05976
0.977856
1.08237
1.06409
0.94762
1.02692
0.904199
0.903301
1.04951
0.911358
1.00988
0.945545
1.0046
0.978424
1.08169
0.992491
0.945531
1.01347
0.964721
0.890218
1.01469
1.035
0.864978
0.902585
1.0159
0.902235
0.990564
0.913547
1.17332
0.794873
0.939397
1.18473
0.971734
0.972884
1.02471
0.970816
0.847431
0.970385
1.00988
1.03509
0.965515
0.986995
0.924786
1.01878
1.0791
0.917705
0.929365
1.05098
1.00561
0.980262
1.03725
0.956434
0.813614
0.984277
0.990559
0.976835
1.06468
1.0256
0.949533
1.07813
0.944899
1.00308
1.07521
0.846718
1.13371
0.950613
1.01374
1.09741
1.00839
0.939952
0.969478
1.03466
1.0318
1.01614
0.918093
1.07207
0.877772
1.08525
1.09613
0.935547
1.07488
1.04539
0.948264
1.06579
1.00155
1.04695
1.06654
1.05472
1.04253
0.850425
0.965419
1.0288
0.941552
1.13125
0.883998
1.04128
1.00286
1.09473
0.929566
1.05798
1.01296
0.984978
0.998073
1.02582
1.04844
1.05194
1.00755
1.04389
0.907407
0.980973
1.02361
1.06079
1.06387
1.11432
1.06466
0.953976
0.824936
0.961285
0.995717
0.999613
0.863355
0.922197
0.928304
1.06569
1.18946
1.04725
1.16554
1.06471
1.20814
0.952937
1.00586
1.08249
0.95062
1.06745
0.803469
1.13687
1.11072
1.10891
0.97516
0.856739
1.02342
0.978102
0.935012
0.985869
0.878723
1.04495
0.893738
1.04865
0.966257
1.02763
0.995661
0.971992
0.886804
1.03425
0.926212
0.968514
0.985634
1.12453
1.07548
1.07831
0.982129
1.04231
1.10322
1.1179
0.875453
1.02372
0.920662
1.06743
1.07648
0.922978
1.00676
1.10301
0.950763
0.97621
1.06602
1.04756
0.963425
1.18983
0.743497
1.00254
0.991645
1.14821
0.917168
1.05607
0.972422
1.08515
0.957843
0.965437
1.12073
0.961252
0.985609
1.06099
0.891811
1.05318
0.964211
1.03666
1.01784
1.00206
1.18451
1.05104
1.10153
1.09221
1.15438
0.954407
1.06065
0.931187
0.956102
1.08737
1.03286
1.02425
0.904357
1.12849
0.871295
1.04721
1.03632
1.00928
1.00792
0.977208
1.05685
0.953537
1.03308
0.810889
1.01062
0.994944
0.906059
0.996839
0.968185
1.08457
0.984015
0.985575
1.07934
0.992554
1.04948
0.993988
1.00774
0.978522
1.00114
1.04866
1.14433
1.00282
1.02121
1.0848
0.974753
0.976247
1.04665
0.941494
0.976754
0.97477
0.912505
0.868793
0.990895
0.965575
0.853088
0.944923
1.0622
1.00038
0.937301
1.23492
1.12892
0.908461
0.821311
0.724156
1.05504
0.954402
0.824496
0.988381
1.15866
1.16414
0.876149
0.958904
0.827958
1.01044
1.03076
1.10413
0.917635
1.00519
1.10612
0.923492
0.962393
1.05188
0.999234
1.06266
0.937412
0.950798
1.03014
1.06916
0.87724
0.92198
1.10999
1.09692
0.96565
0.84494
0.953424
0.929573
0.970324
0.859811
0.97598
0.973523
0.981033
0.901779
1.03978
1.00963
0.996155
0.90016
1.054
1.03453
1.00104
0.947868
1.01125
1.07964
0.878429
0.972633
0.960675
0.9702
1.06437
0.929299
1.03529
0.957715
1.09231
0.809803
0.927531
0.946278
1.11858
1.05922
0.974192
0.960934
0.994634
1.17871
1.00376
0.879316
1.00785
1.02569
0.921851
0.976447
1.05891
0.902469
1.08464
1.00608
0.847866
0.950362
0.91913
0.89057
0.909976
0.947749
1.03625
0.85553
0.983234
1.03758
0.895684
0.899974
1.02567
1.19677
0.934525
1.16877
0.988599
1.06522
0.985995
0.995376
1.01395
0.990525
0.870869
1.09272
0.96294
1.02932
0.99523
1.02679
0.942724
0.902215
1.04379
0.849395
0.963492
1.01665
1.02463
0.93046
0.95236
1.02028
1.11162
0.815076
1.06581
0.908071
0.880348
1.05305
0.873109
1.06066
1.04922
1.09733
1.03217
1.07628
0.895389
1.04858
0.992042
1.00542
1.00496
0.993319
1.11625
0.899294
0.886227
0.973233
1.07415
0.940479
1.03908
0.915174
0.98643
1.02334
1.0926
0.963171
1.05943
1.00638
1.112
0.864522
1.03482
0.971441
1.02544
0.932408
1.01993
0.831143
1.11687
0.898894
1.10691
1.07136
0.948215
1.10074
0.986439
0.984671
1.14885
1.16951
1.14888
1.095
0.859844
0.862234
0.970862
0.887533
0.924656
0.95273
0.87623
1.10426
0.917153
1.04131
0.85911
1.07562
0.893651
1.07256
0.778739
0.907583
1.05817
0.984003
1.09358
0.943369
0.972006
0.986627
1.11083
0.935362
1.03791
0.976804
1.17384
0.957357
0.860061
0.92621
1.03037
1.01283
1.08417
1.04393
0.846082
0.972927
0.911651
0.879034
0.89864
1.12968
0.996388
1.018
0.897494
0.86242
1.04112
1.01025
1.04729
1.10049
0.939578
0.957628
1.13505
0.976037
1.01612
1.01518
0.871572
1.12792
1.1037
0.927653
1.01192
1.05301
1.0254
1.16357
0.823373
1.09623
0.971305
1.03445
0.927733
1.03628
0.934255
1.03571
0.959315
1.03787
0.997717
1.00686
0.899898
1.00272
1.00779
1.17797
1.12082
0.94507
1.13066
0.844677
1.01138
1.09611
0.949569
0.974686
1.10915
0.967049
1.08306
0.913814
0.8519
0.843745
0.939038
0.946905
1.14126
0.970527
0.906112
0.876557
0.99769
0.9987
1.0362
1.00996
1.01294
0.95585
0.924202
0.925993
0.982295
1.10223
1.04078
0.936165
0.983495
1.0995
1.04623
1.06518
1.02454
1.09136
0.99546
0.919337
0.9836
0.876713
0.999237
0.87301
0.94778
0.936811
1.15275
1.06215
1.08395
0.912717
0.959429
1.08489
1.08064
0.984749
0.975045
0.998158
0.886325
1.00849
1.0155
0.988546
0.993239
1.05077
1.15913
1.10999
0.992146
0.888553
0.957888
1.10989
0.873396
1.07008
0.960923
0.960257
1.19257
1.04947
0.922363
1.02278
0.937442
0.88856
0.960828
0.971156
0.825758
1.00996
0.997272
1.05796
0.852915
1.04382
0.972473
1.11091
1.02835
1.05841
1.00733
1.0915
1.02946
0.937525
1.12042
0.955062
0.972092
1.08349
1.12962
1.016
0.948073
1.00831
0.86899
1.03444
0.948474
0.986244
1.15739
0.997445
0.956873
0.898897
1.21297
1.07617
1.03559
0.997187
0.876947
1.09149
0.898859
0.976742
0.998097
1.08559
1.057
1.01766
1.03127
1.10697
1.03229
0.876082
0.975807
1.08941
0.985878
0.951566
1.02284
0.927774
1.00521
0.908213
0.959215
1.00595
1.12887
1.06606
0.861217
0.950301
0.863433
1.03228
1.07891
0.966225
0.924444
0.975308
0.914158
0.951301
0.85478
0.920941
1.05044
0.981843
1.06583
0.964631
1.21436
1.015
0.931967
0.867915
1.03408
1.10827
0.818346
1.02922
1.05378
0.95754
1.03449
0.931737
0.837577
0.992018
0.865078
0.889769
0.954778
0.976545
0.98437
1.06216
1.12406
1.0882
1.02659
1.07404
0.964985
1.13091
1.0851
0.924551
0.96045
1.22534
1.03943
1.21474
1.01867
0.860033
0.955772
0.99123
1.08687
1.03049
0.935373
1.00522
1.03649
1.00372
1.03932
1.0002
1.08039
0.84144
1.0835
0.934139
0.870026
0.85285
0.924518
1.09652
0.94515
0.976275
1.02639
0.911414
0.986313
1.17989
0.873251
1.0964
0.977822
1.06982
1.01202
1.00408
0.955595
1.02387
0.870602
1.04456
1.03757
0.941122
0.855603
0.878034
1.03597
1.10564
1.06475
0.770765
1.08385
0.960593
1.02357
1.08739
0.957584
0.966815
0.999733
1.06748
1.02493
1.05959
1.02719
0.898774
1.07553
1.04582
1.06073
1.11047
0.977825
1.01367
0.913388
1.06231
1.01484
1.1094
1.11979
0.958881
0.957281
0.971826
1.01303
0.874273
0.904664
1.13833
0.840608
1.01682
0.958283
0.98293
1.05834
1.00511
0.881648
1.00501
0.990191
0.928274
0.930823
1.07643
0.830125
0.98104
1.0902
0.970857
1.1266
1.03677
1.05791
1.00855
1.02433
0.919027
0.98201
1.03879
0.947316
0.962143
0.979743
1.13857
0.835143
1.04603
0.963693
0.905795
0.987749
0.877805
1.05139
1.06194
1.03341
0.987226
0.976637
0.973019
1.11132
0.97561
0.94124
1.15867
0.944879
1.04075
0.893327
0.989158
1.01946
1.27698
0.911342
0.987072
0.990879
0.998245
1.14566
1.08051
0.941458
0.999302
1.01265
1.08351
0.866607
0.990222
0.929194
1.0002
0.996791
0.995647
1.07479
1.03979
1.03323
0.842437
1.03923
0.985384
1.02895
1.11649
1.10214
0.984308
0.96852
1.11945
1.09209
1.03649
0.95994
1.06719
1.14971
0.890695
1.00688
0.818759
1.00887
0.969373
0.945209
0.865475
1.01047
1.1131
0.963671
1.05914
1.04659
0.946941
1.08965
0.984467
0.858957
1.06618
0.96408
0.937261
1.06337
0.964319
0.903109
1.07158
1.09136
0.973827
0.907011
1.00675
0.831473
1.02242
1.04559
0.931102
1.24173
0.783608
1.04757
0.953325
1.02022
0.842104
1.02551
1.14567
1.06738
0.862655
0.870412
0.99195
0.916674
0.887343
1.03821
0.875195
0.925392
0.957512
1.14803
0.99684
1.11567
0.977586
0.956628
1.18648
0.904271
1.02747
1.02512
0.945685
0.990744
1.0174
1.08009
0.995076
1.09503
0.959631
1.10383
1.00922
0.939391
1.00211
1.1046
0.944363
0.966775
1.10399
1.08733
1.15655
0.935589
1.03119
0.973595
1.00905
1.03887
0.842395
0.970096
0.959176
0.972311
1.03565
1.11372
0.909294
0.9498
1.00427
1.03595
1.09479
0.998015
1.00351
0.978431
1.03235
0.999878
1.00547
1.03803
0.96567
0.976527
1.07188
0.956298
0.978032
0.951154
1.05768
1.0758
0.987942
0.989673
0.951094
1.05843
0.981595
1.1176
0.980402
1.00887
0.988386
0.840632
1.07042
0.880406
0.992192
1.11518
1.11313
1.05265
1.05442
0.837941
1.02365
1.00894
0.836767
0.895867
1.12979
1.02371
1.00356
0.947245
0.87408
1.01339
1.06728
0.983387
1.16301
0.920156
0.781951
0.937109
1.14352
1.08652
0.960354
0.795325
0.87427
1.11727
1.09745
1.05302
1.07299
0.859291
0.817922
0.944788
1.0733
0.974756
1.11675
0.990684
0.994991
0.939727
1.09271
1.04195
1.02681
0.890469
0.894293
1.09319
0.94208
0.879935
1.02277
0.999833
1.05913
0.89267
1.05175
1.00364
0.965334
0.982998
1.1763
1.22628
1.05194
1.04873
1.03993
0.905224
0.983495
0.863533
1.03262
1.01372
1.05917
0.956827
1.01749
1.04006
1.02981
1.04664
1.04896
1.15575
1.0546
1.09644
0.95507
1.02696
0.834924
0.942881
1.00346
0.965832
1.04923
1.178
1.1392
0.954954
1.00076
1.01728
1.04995
0.922
1.10323
1.05852
1.09012
0.886896
0.940528
0.965352
1.1189
0.997542
1.02682
0.986557
1.05607
0.973029
1.03494
0.932565
0.959267
1.1225
0.853918
0.974732
1.11948
1.0348
0.9247
0.97317
1.15186
0.96498
1.04415
0.970598
1.07727
1.03782
0.963456
0.99068
0.952787
1.09253
0.943999
0.956491
0.868957
0.9229
0.862547
0.97657
1.01928
1.14849
1.03869
0.991923
1.09572
1.05929
0.811658
1.1508
0.921643
0.975965
0.972595
1.07482
1.02478
0.919567
1.09585
1.14628
0.910156
0.991303
0.966876
1.09031
1.0335
0.986083
1.00724
1.05384
0.905952
0.927912
1.18223
0.921753
1.03228
1.01842
0.963466
0.983422
0.895228
0.92467
0.869933
0.963893
1.051
1.00886
0.947438
0.808808
1.01774
1.06769
1.02853
0.838662
0.980778
0.968919
0.958723
0.874117
0.920472
0.904326
1.10867
0.919071
0.843071
1.01416
0.935142
0.956981
0.961338
1.09685
0.941572
0.97095
1.03238
1.06282
1.14922
0.96958
0.895248
1.11292
1.0189
1.0746
0.833708
0.915059
1.07118
1.08437
0.858322
1.06916
0.988732
0.857491
0.975861
1.02301
0.983624
0.973655
1.09602
1.11934
0.939008
1.04644
0.915281
1.00592
1.00086
0.960255
1.22914
1.081
1.03312
1.03182
0.980984
0.925265
0.829637
1.00733
0.814278
1.08081
0.945314
1.01407
1.02053
0.875012
1.13752
0.928836
0.884669
1.05939
0.954679
1.09054
0.866248
0.873222
1.04656
1.18771
1.00967
0.892389
1.29536
1.06159
0.892143
0.893569
1.10236
1.01404
0.95224
1.22598
1.14174
0.833706
0.89322
0.971971
0.899644
1.04491
1.01256
1.00432
0.999128
0.874497
0.906439
0.894467
1.02301
1.05788
0.931313
1.02364
0.95705
1.05549
1.13223
0.966504
0.939363
0.979215
1.0748
0.981643
1.23111
1.19028
0.994963
0.991098
1.071
1.17819
1.16023
0.959715
0.914581
0.890846
0.933704
1.0917
1.10215
1.05406
0.972284
0.969207
1.08766
0.936471
1.1422
1.05346
1.01774
0.973832
0.942186
1.02397
1.04047
1.12325
1.12214
0.900547
1.11277
1.10888
0.883426
1.02107
0.987174
1.06189
1.0101
1.0766
1.00548
0.898357
1.04137
0.968335
0.93106
1.04508
0.98845
1.03278
1.03117
0.9447
1.12414
1.00366
1.0127
0.853819
0.842011
1.07665
1.0231
1.00635
0.904103
0.919684
0.921451
1.01422
0.988293
0.920505
0.974127
1.06675
0.990455
1.03551
0.998308
0.900056
0.826357
0.895706
0.976017
0.965454
0.98846
1.08757
1.06228
1.04298
0.978662
1.05964
0.954666
0.922223
0.945232
1.02312
0.891163
0.971549
0.888803
1.09641
1.02273
0.970077
1.00696
0.976297
0.71403
1.15243
1.08828
0.90094
1.0623
1.0097
0.984487
1.08223
0.899845
0.920863
1.00096
0.998915
1.00927
0.966414
0.989544
0.895586
1.15597
1.07508
1.04068
1.1178
0.981672
1.08866
0.919513
0.998731
0.997125
0.930273
1.01709
1.26904
0.993769
0.960863
1.12803
1.09303
0.873029
0.916131
1.10669
0.907924
0.967627
0.956554
0.816703
0.852644
1.04573
1.21072
1.03394
0.961087
0.922287
1.08763
1.05126
1.03351
1.09066
1.15211
0.874588
1.02458
1.23508
1.08835
0.901404
1.05386
0.93982
0.91761
0.947995
1.05112
0.924927
1.1134
0.994233
1.06143
1.08839
0.849518
1.0723
0.96799
0.912317
0.995056
0.980084
1.03311
0.84208
0.920014
0.944893
0.826923
1.03909
0.976046
0.924632
1.14091
0.892022
1.01566
1.00372
0.913242
1.18248
1.04947
1.05296
1.03138
1.0816
1.10441
1.08512
1.08463
1.06692
0.897167
1.12832
1.19771
1.04356
1.06077
1.05507
0.971193
0.936505
0.947072
1.0599
1.05044
0.914648
0.923561
0.977293
0.98267
1.03476
1.12944
0.944138
1.03089
1.06628
1.03281
0.957289
1.04356
0.982611
0.971772
0.931131
0.954826
0.98257
1.08911
0.990865
1.05516
1.14175
1.07383
0.94396
0.862065
0.911169
0.994489
1.07299
1.17128
1.00346
1.04114
1.04188
0.941217
1.07285
0.939146
0.891788
0.978938
0.87588
0.974299
1.00684
1.05469
1.17995
0.962268
1.04115
1.04165
1.15074
1.02254
1.0173
1.11826
0.945335
1.01797
0.980677
1.01692
1.03105
0.906007
1.03827
1.16481
1.01047
1.07149
1.0713
1.00961
1.01501
1.02172
1.03343
1.00995
0.920637
1.10144
1.03833
0.923865
1.06694
0.941035
1.03664
1.0558
1.04937
1.00978
0.905528
1.0024
0.940916
1.00518
1.08522
1.16124
1.03091
0.846388
0.996863
0.913288
0.983487
1.01627
1.10343
0.945448
0.920237
1.04345
0.975737
0.890155
1.10814
1.08975
0.830435
0.785945
0.997087
0.984695
0.982093
0.99624
0.902178
0.948583
0.900232
0.99226
0.86153
1.08096
0.99074
1.11838
1.0812
0.912083
1.07414
1.03808
1.03388
1.03429
1.05868
1.00528
0.785956
1.09821
0.962833
0.839271
1.16214
0.995776
1.1197
1.05817
1.1297
0.985773
0.945866
1.07773
1.03553
1.02176
0.996955
0.928432
1.06201
1.03565
1.07899
1.03027
1.10379
0.850563
0.908183
0.997448
1.02716
1.02698
1.02305
1.02133
1.09628
1.05159
0.992106
1.13013
0.809126
0.933562
0.932995
0.983405
0.886722
1.08805
0.896854
0.919084
1.04027
1.02133
1.04143
1.18058
0.972873
0.992739
1.10329
1.15504
1.00844
0.980883
0.983628
0.908489
0.956368
1.01701
1.01073
0.857865
0.897817
0.92758
0.804412
1.03587
1.00761
0.909978
1.01566
1.02157
0.91144
0.991812
1.11953
0.915782
0.995277
1.18716
0.939076
0.990138
1.01808
0.900867
0.974255
1.05864
0.93711
1.00727
1.03857
1.11212
0.929676
1.00904
1.11615
1.0208
1.09296
1.06593
1.02379
1.08074
1.04048
0.916892
1.07075
1.09905
0.884059
0.913008
0.850099
0.911975
1.08316
0.897158
0.889834
1.08482
0.967101
0.95199
1.07593
1.02025
0.802082
1.07996
0.85778
0.98031
1.01958
1.02607
1.09699
0.8996
0.945307
1.16121
1.0123
0.878972
1.09154
1.12262
1.09551
0.822547
1.09856
0.957319
0.89688
1.09117
1.06198
1.03728
1.13743
1.08292
1.05059
0.943363
0.917081
0.974099
1.00839
0.97232
0.963549
1.05865
0.907689
0.959415
1.17593
1.07748
0.977638
1.16313
0.991603
0.913089
0.986023
1.05054
1.024
0.871079
1.13363
1.00704
0.856534
0.966772
1.01459
1.07517
0.867105
1.04647
1.06633
1.00944
0.982543
0.77533
1.21884
1.03569
1.0424
0.995783
1.20657
1.03412
1.1463
1.05607
0.936872
1.10411
0.90818
1.09349
0.972095
0.914949
1.18033
1.1033
1.04247
0.997088
0.973907
0.973392
1.07252
1.00345
1.06657
1.03548
1.01863
1.06573
0.97171
1.05462
1.06069
0.996435
1.13248
0.940994
0.997579
1.09479
0.999647
0.966086
0.892777
0.981753
1.06625
0.954566
0.969485
1.03488
0.962536
0.938702
1.07192
1.08399
1.01717
1.04127
1.10626
0.961094
1.03578
0.950302
1.23317
1.00636
0.856271
0.902035
1.04156
0.867255
0.948597
1.04223
0.945478
1.01695
0.884233
1.04088
1.10014
1.03019
1.07597
0.984474
1.01327
1.04787
0.970336
1.08599
0.932868
1.03899
1.0425
1.02754
1.00713
1.09007
1.11076
1.05157
1.12042
0.873143
1.07275
0.899309
0.968471
1.11016
0.93949
0.995199
0.970137
0.970073
1.0167
0.87264
0.842192
0.931564
1.01527
0.938405
1.23142
1.11306
1.06168
0.965533
0.973382
1.07993
1.05044
1.05898
0.999829
1.00902
0.937547
1.07193
0.996342
0.968574
0.966621
1.08765
0.96562
1.11863
0.935343
0.922946
0.873111
0.918855
1.0196
1.07352
0.993034
0.925524
1.07291
1.08915
0.989864
1.10602
1.00431
0.854968
1.00519
0.92046
1.01161
1.13945
1.02771
1.00543
1.0563
1.12074
0.910134
1.0211
0.946832
1.0903
0.935061
1.13969
0.90552
0.849881
1.00167
1.02357
1.05628
1.03325
1.05801
1.13331
0.919629
1.02748
1.07809
1.16517
1.06039
0.950301
1.11772
1.04405
1.01925
0.889972
0.977399
0.957725
0.9055
0.971557
0.895457
0.86895
1.002
0.939129
0.941569
1.03841
1.02826
1.17045
1.00671
0.869211
0.865228
1.17805
0.993559
0.92994
0.992818
1.10992
0.96383
1.06927
1.05206
0.997858
0.824714
0.990847
1.0137
1.11254
0.981871
0.86662
0.910646
1.07581
0.938633
0.936691
0.846922
0.82913
0.978398
0.99926
0.99396
0.989813
0.978475
0.994138
1.01438
1.02869
1.05227
0.980782
1.17595
1.00273
0.888261
1.10639
1.04381
1.04416
1.0515
0.958741
1.03287
0.997095
0.977099
1.09231
1.03414
1.02279
1.1015
1.14007
1.10493
0.931948
1.1213
0.999004
0.962251
1.01877
0.96512
0.891712
0.9486
0.766755
1.10352
0.972032
0.906357
0.775863
1.08879
0.95285
0.953007
1.02381
0.916038
0.976899
1.0418
1.00055
0.904085
0.997795
1.11772
0.84317
1.00672
0.995989
1.13137
0.946322
0.994304
1.16832
1.0942
0.964163
1.05681
0.962866
1.11436
0.977945
1.15909
0.99553
1.01814
0.954163
0.905653
1.07111
0.945219
0.987281
0.950977
0.957684
1.0514
0.895356
1.00324
0.854657
0.952251
0.901947
0.83991
1.10153
1.04425
1.04867
0.9339
0.945104
0.919417
0.86222
1.17806
1.00903
0.957609
1.00591
0.987186
0.976818
0.987928
0.894058
1.16698
0.878417
1.13091
1.0721
0.939981
1.10213
0.948207
0.917797
1.00458
0.946239
1.00116
0.863371
0.971793
0.987312
1.12578
1.09838
1.16817
1.00672
0.954659
0.894421
0.964219
1.14127
1.14246
1.13879
0.79387
1.03282
0.944305
1.01203
1.03576
1.02929
1.11588
1.10915
0.852602
0.978584
1.05016
1.05951
1.04021
1.14017
1.09474
0.954096
1.04764
1.05035
1.08997
0.837017
0.938897
0.909532
0.972327
1.0004
1.231
0.847621
1.17237
0.936518
0.949884
0.866642
1.07067
1.01016
1.14134
0.919723
0.954911
0.954242
0.829283
1.02024
0.916425
1.04417
1.10016
1.18667
0.988779
0.96204
0.937619
1.16441
1.05099
1.0208
0.980533
0.996222
0.923629
1.00397
1.03266
0.931203
1.06319
0.895498
0.915856
0.919204
1.11381
1.03707
1.01358
0.82765
1.10817
0.864658
0.933714
0.958315
0.931928
1.02208
1.02583
0.91607
0.96988
0.958354
0.978191
0.89894
0.99085
1.06114
1.02911
1.02553
1.01282
0.951898
0.92384
0.879608
0.995461
1.17501
0.95608
0.899475
0.88876
0.876018
1.15287
1.14052
0.89273
0.972085
1.16362
0.984866
0.927513
1.02378
0.921175
1.00797
1.07822
1.0604
1.02482
1.00023
0.998958
1.12756
0.957514
0.951933
1.10042
1.04492
1.11967
1.01709
0.974342
1.13644
0.889667
1.02442
0.993636
1.06135
1.05364
0.847617
0.955237
0.879414
0.918151
0.884177
1.00499
0.956298
0.942533
1.12144
1.02537
0.951148
0.955125
1.03051
1.08167
0.928702
1.01618
1.01054
1.00436
0.997735
1.00087
0.972345
1.17976
0.937309
1.11454
0.942765
0.941073
1.04168
0.912361
1.02733
0.921832
1.1405
1.10226
0.940135
1.07341
0.963801
0.965926
0.964961
0.968922
1.06541
0.977197
0.994147
0.939892
0.948393
1.01493
0.828609
0.906445
1.05249
0.837516
0.958499
1.12796
0.867716
0.896936
0.854158
0.99214
1.10469
1.14276
0.929248
1.07785
0.835591
1.03136
1.04351
0.971239
0.956329
1.00033
0.820519
1.01001
0.947196
0.833834
1.03724
1.00481
0.948023
1.11674
0.885184
0.852371
1.03317
0.796034
1.06074
1.02638
0.91212
0.985031
0.936044
0.997165
0.888214
1.1273
0.99167
1.1039
1.08855
1.01884
0.916873
1.02921
1.0887
1.06039
0.900864
1.10656
1.0135
0.958052
1.05392
0.862315
1.10266
0.957073
0.98905
1.17085
1.06799
0.875175
1.05803
0.996645
1.03835
1.18801
0.881941
1.15297
0.902646
1.07341
1.01054
0.960824
0.928021
1.12143
0.89085
1.00324
0.983174
1.12221
1.10739
1.01662
0.909245
1.0477
1.11057
0.898294
1.03895
0.830132
0.813687
0.962086
1.00368
1.03635
1.15035
1.07728
1.08005
1.06384
1.10252
0.99424
0.825364
1.0747
0.956747
1.10385
1.0287
0.960948
0.885996
1.12475
1.13811
0.969996
0.88243
0.897875
0.924236
0.932818
1.16384
0.875019
1.05797
0.911887
1.12082
1.04295
1.0005
0.995361
1.07337
1.13457
0.969254
1.08044
1.02682
0.917961
1.04759
0.977594
1.05961
1.06969
0.940556
1.14595
1.02512
1.01484
0.905822
0.890217
1.06059
0.924623
1.00004
0.988354
1.02953
0.9656
0.960869
0.992362
1.08889
0.995948
0.888997
1.08492
1.11398
0.84628
1.0132
0.947339
1.02763
0.965407
0.873694
1.04292
0.918242
1.14796
1.00361
1.08782
1.04975
0.929102
1.06467
1.00877
1.09037
0.964628
0.951601
0.97231
1.04501
1.24382
0.963547
0.992207
0.968022
0.821856
0.881128
1.064
0.957798
1.04488
1.1738
0.935514
0.940015
1.04046
1.00433
0.74106
0.88037
0.944635
1.01015
1.07909
0.840042
1.1029
1.10357
1.04538
1.02723
0.991245
0.963528
1.12691
1.11123
0.917828
1.1779
1.01189
0.895281
0.993958
1.02451
0.895895
0.942742
1.09632
1.03539
0.862172
1.11662
1.12576
1.05116
0.953904
0.912681
0.954147
1.05428
1.06827
1.07769
1.05321
0.968013
1.15109
1.05229
0.990407
0.968852
0.924798
0.94409
1.03123
0.982848
1.03259
1.04447
0.922036
0.9751
1.01917
0.961282
0.953732
1.07718
0.872533
0.955578
1.03691
1.09064
1.06451
0.990968
0.861191
1.07085
0.957706
1.07807
0.998636
1.09904
1.13261
1.03167
0.956499
1.07736
0.990291
1.06678
0.906417
0.90614
0.908064
0.960625
1.1145
0.970316
1.16832
0.960298
1.10442
0.813403
1.11208
0.967062
0.968258
0.89798
1.18371
0.869419
1.00293
1.10294
0.938344
1.01917
0.999746
1.21619
1.14663
1.05281
1.0382
0.998909
0.939697
1.11416
0.826918
0.950855
1.02125
0.986811
0.941376
0.992503
1.12273
1.19072
1.07777
1.02297
1.17171
1.00544
0.929913
1.08049
0.822551
0.906004
0.84281
1.17468
0.967796
0.923902
1.01358
1.00915
0.913818
1.05296
0.917077
0.949048
1.03889
0.907113
1.03395
0.964638
0.999918
0.976511
1.01752
0.866747
0.964585
0.978895
1.03294
0.866643
0.853151
1.1108
1.04879
1.12721
0.992786
1.04515
1.15845
1.16146
1.10467
0.932948
1.00837
0.918139
0.936416
0.991691
1.04963
1.04403
0.910931
0.95815
0.94594
1.10965
0.940215
0.958283
1.04893
0.920653
1.05963
0.992799
0.990359
0.977277
0.911912
0.830766
1.06457
1.104
0.844898
0.842213
1.07264
1.00101
1.00173
0.918633
0.88731
1.01229
0.903992
0.85893
0.965273
1.04685
0.938427
0.981949
0.948493
0.841386
0.982203
0.945089
0.891255
0.988542
1.05355
1.01131
0.941531
0.984613
0.907471
1.04443
0.913449
1.10132
0.923008
1.06872
1.03514
0.766737
0.865858
0.962511
1.09128
0.955484
1.06692
1.07009
1.03871
0.895662
1.11429
1.08153
0.931551
1.04628
1.02687
1.01549
0.944313
0.975312
1.0526
0.905193
0.972445
0.878349
1.0113
1.00767
1.09066
1.18429
1.26712
1.07944
1.14163
0.945955
1.19147
0.911972
0.920293
1.0435
0.972359
1.19153
0.985472
0.912526
0.991613
1.0777
0.990614
0.941451
1.06696
1.16783
0.914735
1.04504
1.03705
0.978789
0.941494
1.05544
1.03259
0.916964
0.882185
1.20115
1.01794
0.921724
0.929024
0.858303
1.15037
0.985202
1.0219
0.918976
0.922131
0.961215
0.995542
0.852804
1.0072
0.818357
0.826736
1.15386
0.812268
0.964162
0.929274
0.991344
1.08987
0.923407
0.831585
0.990194
1.04592
1.16007
1.11115
0.980462
1.03403
1.00949
0.97104
1.03046
0.856605
1.081
1.18646
1.14709
0.987824
1.03566
0.958615
0.886111
1.0346
1.12714
1.06725
1.0893
0.930052
0.93875
0.990324
1.08035
