1.27592
1.05911
0.859227
0.90228
0.992172
1.1689
0.772653
0.94445
1.00597
1.02664
0.879413
1.02558
0.782953
1.03047
0.838764
0.863062
0.949406
0.814537
1.04105
0.985123
0.777196
0.992812
1.04599
1.08236
1.08137
1.01144
1.22345
1.00294
0.984193
1.10407
0.899966
0.940762
1.0571
1.08716
1.19225
1.12096
0.992549
0.916628
1.02378
0.957671
1.03765
0.837464
0.851443
0.905087
1.07724
0.938178
0.900638
0.980686
1.02876
0.951051
0.87918
1.10344
0.943448
1.0195
0.763258
0.868278
0.991899
1.01679
0.952366
0.971483
1.04518
0.922102
1.01598
0.952528
0.901672
1.12285
1.11552
1.06374
1.17974
1.07658
0.751511
1.04102
0.992174
0.986912
0.895033
0.899365
1.23739
0.837236
1.18562
0.969982
0.967436
0.893312
1.09798
0.882528
1.09561
0.921423
0.917872
1.07292
0.893445
0.850369
1.13656
1.19633
1.07064
0.924542
1.05916
0.997784
0.908331
0.838447
0.982703
1.03893
0.926356
1.15903
0.881901
0.916228
1.04516
1.03947
1.12989
1.24059
1.08607
1.05766
1.07471
0.98171
0.964408
0.969044
1.01374
1.00505
1.07352
1.02772
1.21438
0.812631
0.895768
0.979203
0.872405
0.994109
1.06335
0.732666
0.926064
1.23494
0.890803
1.14504
1.02896
1.19736
0.918186
1.08912
0.689785
0.817557
1.01513
1.09949
1.12641
0.857196
0.892123
1.16501
1.01331
0.937908
1.03821
1.08279
1.16375
1.01524
1.03427
0.974287
1.17398
1.17641
1.10924
0.970507
1.10924
1.03327
1.03111
0.926088
1.06309
1.17061
1.08457
0.831491
1.02169
1.20852
1.05732
1.0968
0.909107
1.11261
1.05851
1.00061
1.1022
0.954632
0.735389
1.10144
1.1008
1.37113
1.07286
0.855788
0.989287
1.11616
1.06181
1.04471
1.01578
0.828009
1.01795
0.939755
0.934518
0.782361
0.97639
0.853557
0.964327
0.922591
1.0537
0.973252
1.09266
1.23013
1.05273
0.982918
0.990448
0.935595
1.05694
0.887082
0.820332
1.02741
1.06991
1.05859
1.17992
0.897698
0.956978
1.00787
1.10943
0.988968
1.16214
0.912577
0.934007
0.893572
0.960923
1.02568
0.972138
1.01657
1.15322
1.05221
1.24197
0.759482
0.84111
1.01217
0.975103
0.825659
1.05902
0.861028
1.00254
0.70678
1.03695
0.897793
0.952409
1.02359
1.16626
0.948142
0.949192
0.772973
0.875427
0.935834
0.996152
0.987899
1.1278
1.00535
0.955783
0.968928
1.14089
0.925175
1.08499
0.935551
1.06827
0.896399
0.692824
1.01465
1.1486
0.957498
1.0576
0.884316
0.952809
0.913393
1.07871
1.03346
1.00376
0.892155
0.968964
1.12516
1.13777
1.07527
1.21063
1.03431
0.908166
0.820439
1.12048
1.03689
1.0304
0.864782
0.784635
0.932766
0.988294
0.975338
1.08222
1.03937
1.08428
0.997092
1.07191
0.899367
1.22114
0.848297
1.05281
0.966591
0.966487
1.10436
1.32125
1.02186
0.905522
0.921817
1.09466
0.792788
0.969236
1.05851
0.84713
1.01281
0.800427
1.15408
1.17567
0.791307
1.08475
1.07038
1.03099
0.900579
1.00067
1.06585
0.948563
0.953259
1.03518
1.18974
0.950964
0.842717
1.01671
1.00977
0.9762
1.13751
1.12957
1.07449
1.02885
1.07223
0.990378
1.0838
1.00379
0.93114
0.820323
1.05221
1.0695
1.17046
0.893913
1.05975
0.889603
0.994076
0.899302
0.887269
1.11609
1.12746
1.03396
1.00646
1.01105
0.778627
0.682795
1.10667
0.951499
0.816289
0.989847
1.14731
0.945908
1.1397
1.25539
1.17804
1.11708
0.925115
0.809421
0.95657
1.05095
1.16869
0.696132
0.919074
0.972271
1.10058
0.897043
1.02786
1.19445
0.94591
1.0001
0.909195
1.08244
0.996618
0.85949
1.10955
1.0462
0.831465
0.876349
1.18845
1.04434
1.13754
0.953563
1.05036
1.0771
1.05762
0.7714
1.1652
0.958407
0.870706
1.08409
0.729792
0.825318
1.08633
1.02887
0.848559
1.23494
1.11369
1.04219
0.843173
1.04098
0.883583
0.965789
0.871933
1.16394
0.928967
0.873506
0.907226
0.98621
0.913763
1.0177
1.03713
1.00671
1.06352
0.877872
1.11164
1.00148
1.07138
1.02121
1.19719
1.11477
0.948297
0.801438
1.04325
1.09973
1.02991
1.04985
0.971922
1.1622
1.08218
0.900185
0.931619
1.18767
1.00235
1.25277
1.04508
1.00821
1.03647
0.905484
1.01543
1.02582
1.01786
0.852837
1.27865
0.903408
1.06771
1.09909
0.967293
0.817893
0.895757
1.14335
1.12348
1.0619
0.949746
0.934173
1.06624
1.04298
1.03171
0.947731
0.980923
1.06132
1.05117
1.06206
0.617179
1.08698
0.836174
0.901711
0.918106
1.01406
1.14234
0.832074
0.692337
0.891937
1.21904
0.787418
0.90774
0.936197
1.19074
0.868035
0.895632
1.09553
1.00585
1.15462
0.988675
1.06997
0.9429
1.1005
1.22674
0.802923
1.0156
1.01471
1.03821
0.798039
0.947118
0.903665
1.20022
0.954275
1.06858
1.09621
1.04985
0.981235
0.820232
1.03632
0.952528
1.03802
0.992798
1.22515
1.13605
1.04253
1.15393
0.820567
0.753831
1.14958
0.998083
1.06026
1.02344
1.05515
1.09139
1.0894
0.960292
1.1539
1.09644
0.933201
1.03011
0.984319
1.17089
1.11115
0.842923
0.977782
0.961851
0.867396
0.841891
0.81239
1.05554
1.00043
0.977657
0.835202
0.833128
0.845004
0.830173
0.98019
1.05803
0.812568
0.88837
0.779322
0.981438
1.0308
0.963501
1.01873
1.06873
0.955556
1.06461
1.06442
0.882571
0.933761
0.903689
1.09609
0.854154
1.21083
1.26201
0.990978
0.825938
0.986048
1.19565
0.838128
0.894886
0.91429
0.904412
1.26336
0.92539
0.900933
0.85324
1.18774
1.2502
1.03757
0.855027
0.990339
0.988584
0.808564
0.848663
0.994151
1.10795
1.04842
1.22457
0.857503
1.00444
0.575737
0.94789
1.14596
0.831703
0.80257
0.957262
0.906232
0.941757
1.04671
1.19515
1.04797
0.806198
0.697793
1.15827
1.07749
0.942187
1.02959
1.16724
1.22084
1.00428
0.890011
1.02171
0.781737
0.823208
0.853205
1.07714
0.947811
0.961233
1.08722
1.19605
0.955973
0.840631
1.02778
0.995068
1.10396
1.29947
1.14362
0.985629
0.976622
1.14269
0.923262
1.08157
1.0454
0.991067
1.05738
1.12381
1.02946
0.655695
0.910568
1.11486
0.966807
0.942123
0.959049
0.934848
0.873376
0.99605
1.04583
0.875112
1.0663
0.964018
1.26371
0.872798
1.08132
0.789865
0.821415
0.886468
0.815531
1.03363
0.985996
1.20962
1.055
0.856436
0.908662
0.92128
1.19899
0.837663
0.818897
0.984173
1.04169
0.776076
0.944683
0.808614
0.746854
1.15677
1.05254
0.970303
0.877123
0.823877
1.34083
0.912679
1.09285
0.691502
1.29689
1.11708
0.904086
0.953915
0.984568
0.864791
0.838753
0.709193
1.00548
1.13678
0.957011
1.15598
0.998459
1.02454
0.935558
0.971448
1.12057
0.972643
1.03112
1.1925
1.11732
0.971957
1.03609
1.15016
1.01441
1.0437
0.9419
0.991358
0.955313
1.07101
1.00835
0.994549
1.09988
1.19309
1.13528
1.18081
0.916567
0.949918
1.32417
0.937512
0.917183
1.18401
0.960284
1.01289
0.80958
0.953902
0.742839
0.952784
0.808662
0.971007
0.758277
0.933292
1.03242
0.946359
1.07203
0.923535
0.834348
1.0433
1.01543
1.01053
1.01197
0.802669
1.11629
1.05479
0.846152
1.19124
1.0239
0.976912
0.99779
0.836587
1.13183
0.79864
0.908098
0.855167
0.810432
0.875647
0.877482
1.09619
0.771595
0.986209
1.18633
0.899378
0.918729
0.971745
1.13732
0.869394
1.11695
1.14866
0.989012
1.0605
0.95853
1.0737
1.05652
1.02869
0.937997
0.974753
0.910822
1.09137
1.07265
0.970419
0.969273
0.864856
0.838713
0.891068
0.815313
0.76072
0.952666
0.97134
0.979507
0.821365
1.2251
1.05045
0.973757
0.859152
1.04095
1.08702
1.15307
0.995874
1.13591
0.967357
0.991795
0.897475
0.862607
1.26657
1.12676
0.969191
0.978919
1.13473
0.941479
1.1369
0.98815
1.02492
1.08126
0.945126
0.789797
0.853802
0.881763
1.17386
0.987462
1.02276
1.11698
1.04249
1.02755
1.09646
1.04648
1.0283
0.863846
1.15188
0.924103
0.914488
0.948365
0.963523
0.943147
1.12559
1.02994
1.04459
0.990139
1.01199
0.831713
0.992498
1.01459
1.10266
0.79933
0.81594
0.928491
0.752337
0.906627
0.880719
1.29562
1.1323
0.995547
1.03174
0.953975
1.04711
1.12228
0.963107
0.989739
1.01388
1.00763
1.04613
0.860359
1.06248
1.08483
1.08868
0.935101
1.05216
0.710814
0.833332
0.98673
1.03302
0.93141
0.684631
0.86897
1.12483
0.997003
1.02983
1.06424
0.943356
0.956583
0.937962
1.10873
1.08868
1.1702
0.913277
1.12657
1.07425
1.01669
1.12055
1.04195
0.856293
1.03367
0.773646
1.09977
1.01654
1.11737
1.15689
0.95799
0.986729
1.0766
0.868525
1.18143
1.10468
0.887617
1.15389
0.973797
1.09888
1.08597
1.00019
1.17514
1.06046
0.891956
0.959185
1.04075
0.853188
0.891196
0.833529
1.10702
1.21264
0.865612
0.981856
1.04223
0.991131
0.946798
0.952902
1.11492
1.05419
0.961784
1.24084
0.762577
0.859769
1.06393
1.01583
0.984651
0.969559
0.891635
0.850621
1.17156
0.861929
1.04891
1.05018
1.05747
0.907723
1.18775
0.926326
1.19391
1.02175
0.929907
1.20685
1.17437
1.14542
1.07672
1.14334
1.00434
0.774258
1.03751
1.19696
1.02283
0.983914
0.873883
0.989691
0.911877
1.01221
1.1154
0.996726
0.917188
0.977007
0.816747
1.12098
0.909489
0.919669
1.27324
1.0394
0.921115
0.805343
1.06033
1.08339
1.05172
0.897965
1.00264
1.06295
0.919059
1.1468
0.983472
1.03943
0.765795
1.02275
0.901581
1.13774
1.20822
1.11746
1.00604
1.12823
1.20805
0.907507
1.11621
1.0489
1.15209
0.899315
0.983493
1.05436
1.10923
1.13425
1.15774
1.06332
0.973864
1.05916
1.07783
0.960417
0.842159
1.01343
0.996862
0.890431
1.09589
1.17653
1.05737
1.05852
0.803304
1.09716
0.822394
1.2049
1.11984
1.08902
0.957932
0.745665
0.917328
0.863797
0.977654
0.980802
1.03031
1.02728
1.11574
0.908393
1.1301
0.839996
0.984837
1.26185
0.981882
0.882044
1.06773
0.944082
1.01954
1.00698
0.96811
1.04393
1.04172
1.17578
1.05924
1.06812
1.01179
1.10542
1.00405
1.07068
0.948098
0.973706
0.867702
0.996928
1.08917
0.930125
0.967063
0.919921
0.920377
0.982484
0.8741
1.20587
1.02448
1.00138
0.893198
1.1247
1.28135
1.02566
1.21282
1.13367
0.995744
1.09328
0.841512
1.11776
0.903012
0.994138
1.12283
1.03341
1.16484
1.00192
1.03616
0.989185
0.610252
0.956949
1.10277
1.33299
1.0573
1.27899
0.811557
0.908822
1.02659
0.654948
0.954374
0.834974
0.950192
0.819448
0.935459
0.890411
1.11664
1.04282
1.11671
1.01821
1.10569
1.02284
1.18168
1.05153
1.13787
0.888228
0.908617
1.01959
1.08634
1.08774
1.08023
0.900636
0.9562
1.17055
1.10585
1.19805
1.10061
0.881023
1.10778
0.89988
0.689482
0.879894
1.07081
0.961835
0.960516
0.957951
1.01007
1.26715
1.06207
0.937004
1.23623
0.99467
0.942902
0.983983
1.26677
0.925778
1.01896
0.918035
0.899039
0.95611
1.04382
0.979077
0.948232
0.682173
0.968818
0.985695
0.925762
0.879391
1.07867
0.895595
1.00208
1.03297
1.16956
1.08367
0.991027
0.955387
1.02337
0.951672
0.950462
1.06288
0.975118
1.07539
0.991224
1.10037
0.922128
1.13841
1.00054
0.988628
1.10665
0.899008
1.05219
1.10162
1.02405
1.01578
0.847989
0.925955
1.10946
0.769276
1.09509
1.0815
0.744156
0.872662
0.877413
0.827521
0.942244
1.01678
1.09858
0.957458
0.961862
0.838009
1.12686
0.957558
1.13302
1.00068
1.03876
0.975354
1.07762
1.0227
1.02031
0.800829
1.06081
0.946496
1.2114
1.1028
1.05429
1.11166
0.935665
0.887326
0.987047
1.16853
1.02477
1.01781
1.10802
0.995812
0.737121
0.99552
1.12298
1.12836
1.00712
1.07351
0.909725
0.930895
0.706545
0.976338
1.07824
1.1015
1.00025
1.0171
0.96966
0.986229
0.905228
1.10642
0.782272
1.0839
1.08068
0.943678
1.12087
0.83136
1.16095
0.886122
1.01448
1.00252
0.921776
1.07304
0.961091
0.949659
0.865498
1.02475
0.91553
1.00554
1.11526
1.00755
0.885101
1.22684
0.922763
0.872258
0.929092
1.00546
1.05885
0.969048
0.851148
1.06897
1.13658
0.914518
0.966137
0.99364
0.892586
0.951532
0.968003
0.845422
0.720745
0.985682
1.02136
1.17675
0.933301
0.958228
0.95516
1.00037
1.0238
0.819478
1.03068
0.903015
1.0431
1.03124
1.09104
0.775724
0.899319
0.848635
0.937828
0.969048
1.04929
0.878816
0.991394
0.993032
0.908109
0.916498
1.2026
0.968301
0.804226
1.00735
1.14282
1.09821
0.844346
0.910772
0.884393
0.958669
1.21754
1.12529
1.02138
1.05072
1.03204
0.936368
0.9723
1.31004
1.01698
1.04753
0.978096
1.03513
1.02786
1.05378
1.19739
0.977884
1.05654
0.967822
1.11328
0.953573
1.02574
0.95015
1.00552
1.10356
0.910095
1.01638
0.835591
0.881893
1.31608
0.953871
0.861591
0.937835
0.896693
0.827515
1.11103
1.16842
1.08648
1.05766
1.20114
0.798593
1.09287
1.01433
1.05035
1.1434
1.10164
0.708088
1.1414
1.19855
0.969459
1.08686
1.00342
0.899702
0.890137
1.0329
0.988535
0.897189
0.985426
1.07356
1.05637
1.0318
1.0613
1.23256
0.920096
0.942774
0.76865
1.03186
1.06047
1.04915
1.01169
0.879241
0.852468
1.06041
0.981186
1.04196
1.14802
1.03145
1.2112
0.796933
0.897013
1.2721
0.936235
1.00443
0.904841
0.88882
1.0768
1.28858
0.84483
1.05277
1.17801
1.08422
0.924108
0.821369
0.969429
0.968006
0.901307
0.894332
0.957071
1.11059
1.12471
0.889147
0.947886
1.05987
1.08227
1.07909
0.964237
1.12858
1.04823
0.853967
0.905168
1.10731
1.05997
0.848306
0.975883
0.97536
1.13742
1.04768
1.06445
1.05169
0.997258
1.01934
0.987118
1.08456
0.992802
1.02559
0.956347
0.796758
0.994789
0.761358
0.87997
1.03293
0.929801
0.872972
0.910549
0.959463
1.04954
0.754412
0.905839
1.04552
1.23804
1.24438
0.966986
1.23181
1.13667
1.06473
1.26135
0.666515
1.17484
0.925593
0.913062
0.79954
1.04458
0.933744
1.04893
1.01036
1.13315
0.946843
1.15943
1.14936
1.0849
1.0064
0.965756
1.03009
1.15111
0.859624
0.79462
0.921402
0.9654
0.98702
0.886473
0.75081
1.13228
1.02043
0.943096
1.05218
1.09152
0.971583
1.02478
0.976754
1.03331
1.00234
1.05091
0.888598
1.03537
0.937538
1.067
0.989469
0.899651
0.959134
1.03082
0.874064
0.820744
1.25719
1.18205
1.07933
1.00701
0.975797
0.860247
0.92032
0.832022
0.832143
1.0306
0.792483
0.870715
0.952363
0.981297
0.922001
1.06687
0.712208
0.994159
1.08159
0.935404
0.912581
1.11161
0.816707
0.863012
1.07751
0.923552
0.876867
0.683809
1.23184
1.25302
0.90908
0.933007
0.943794
1.13627
1.08856
1.03268
1.01244
0.924386
1.08848
1.19652
0.992089
1.00841
1.22815
0.882595
1.07859
0.964675
0.862879
1.17875
0.951771
0.936963
0.776615
1.01397
1.05655
1.07977
0.934587
1.15945
0.907781
0.995715
1.02631
1.06643
0.882458
0.872894
0.838843
1.03497
1.14651
0.992668
0.878106
1.10973
1.04701
1.24099
1.01895
0.964525
1.12118
1.13615
0.836068
1.04028
1.12786
1.0367
0.871003
1.01825
0.877209
0.887445
1.03354
0.759843
0.981499
1.0458
1.01269
1.11266
0.999279
0.948486
1.02582
0.774461
1.09047
0.960139
0.970616
1.09885
1.06665
0.753891
1.13082
0.891454
1.11128
0.899675
0.857152
1.02869
1.08677
0.791897
0.936709
1.26023
0.933998
0.994587
0.890571
1.11173
1.05717
0.981628
1.13463
0.938999
1.08616
0.888069
0.992418
1.14006
0.903599
1.19018
0.918018
0.948977
0.854434
0.923698
1.04334
1.06076
1.0555
1.23001
0.904061
1.00965
1.07056
0.961817
1.08116
1.01499
1.2396
0.942005
1.00231
0.969655
0.938913
0.875162
1.08994
1.13997
0.927442
0.994613
0.990887
0.741527
1.00222
1.38093
0.95361
1.06677
0.996394
1.03843
0.778944
1.01289
0.99369
0.784219
1.08573
1.0287
1.21452
0.971191
0.955889
0.873893
1.0136
1.22639
0.864867
1.11696
0.9587
0.931093
1.27731
0.930161
1.29062
1.06511
1.04777
1.077
0.812462
0.993447
1.07005
1.05951
1.1566
0.925284
0.867083
1.03439
0.801976
1.0792
1.05305
0.944453
0.995928
1.14807
1.02132
0.990957
1.19186
0.961821
1.0223
1.06308
1.01659
0.96611
0.935811
0.82275
0.791603
1.01094
0.987093
1.2122
1.00988
1.08061
0.715882
0.830346
0.903337
0.934994
0.919785
0.881078
0.98691
1.16117
1.12033
0.922599
0.983769
1.10567
1.0314
1.19203
1.07867
0.958822
1.08185
1.08279
0.957803
1.0633
1.00015
0.846088
1.31619
1.12257
0.945228
0.945231
0.895532
0.956949
0.799766
0.924098
0.846853
0.957782
1.0618
0.970043
1.0664
1.06962
1.0974
0.89266
1.18076
1.12329
1.13193
0.797978
0.945224
0.917324
1.26017
1.16423
1.05094
0.861139
0.978324
1.04542
0.956587
1.09385
0.937929
0.9482
0.888954
1.12585
0.722859
1.09346
1.05355
1.11539
1.02912
1.13929
1.13737
0.956903
0.976803
1.04647
1.04543
1.09492
0.982507
0.949287
1.02108
1.26062
0.917198
1.08248
0.903973
1.07613
1.17754
0.838152
0.920239
0.983537
1.04517
1.05668
1.07605
0.996818
0.937753
1.01179
0.972579
0.951888
1.07594
1.01226
0.969482
0.901169
0.909104
0.856198
1.12937
0.908266
1.08701
0.945043
1.07579
0.993038
1.1497
1.11065
0.989192
0.971798
0.899911
0.803697
0.908429
1.18132
1.01723
0.985632
1.03365
0.974828
1.13452
0.872246
0.938611
1.1007
1.12749
0.991984
0.996937
0.928467
0.937604
0.941521
0.970323
0.937555
1.25672
0.94822
0.972216
0.910123
1.06486
1.10577
1.14732
0.967913
1.16648
0.790045
0.962347
0.970683
1.0912
1.07872
1.01894
0.853656
0.886448
1.01869
0.79549
0.926975
1.07824
0.852142
1.02861
1.00368
0.978598
1.15217
1.24425
1.22966
1.00356
0.873958
0.968798
1.03299
1.16617
1.1167
0.887173
0.86453
0.702758
1.09885
0.96468
1.13244
0.997438
0.887354
1.29675
1.07346
0.91017
0.852203
0.973899
1.0842
0.806276
1.07084
1.0296
0.971903
0.926684
0.950602
1.00668
0.87873
1.30873
1.13188
0.954087
1.08686
0.76896
0.954097
0.975897
1.12698
1.01447
0.982658
0.878578
1.27941
1.03237
1.21477
1.15409
1.23618
1.13836
1.00531
0.890341
1.21576
1.20615
1.1376
0.939958
0.894225
0.873113
0.953512
1.1839
1.08346
1.0008
1.09298
0.825514
1.22615
1.07032
1.12523
1.19473
0.736199
0.996028
0.967936
1.01293
1.10042
1.12549
0.91305
1.15121
1.08007
1.03863
0.979602
1.04425
1.04124
1.05189
1.0509
1.15622
1.12683
0.941046
1.1181
0.962001
1.1162
0.904878
0.973713
1.00105
1.09509
1.09706
1.2316
1.09111
0.966422
1.17772
1.06168
1.04103
0.913573
1.19665
0.84074
1.03961
1.19733
1.08091
0.954058
1.01245
1.06483
0.973293
0.897846
1.08265
1.03345
1.12367
0.820956
1.00027
0.956185
1.08998
1.0585
0.965068
1.12871
0.936993
1.00741
0.983926
0.852847
0.884261
0.982677
1.12066
1.09963
1.12349
0.973835
0.971352
1.12459
1.02075
1.01078
0.946332
0.648344
0.797229
1.24867
1.07585
0.984972
1.05903
0.928238
0.919128
1.05514
0.907437
0.975582
0.902271
0.817067
1.01452
0.982933
0.960267
0.720687
1.07348
1.07711
1.01445
0.898204
0.960577
1.08957
1.07198
1.17916
0.925006
1.02848
0.866297
0.887751
1.19244
1.15356
1.03583
1.10809
1.10206
0.948782
0.843434
0.846342
0.959273
0.986889
1.09569
0.903763
0.899192
1.04202
1.017
0.968275
1.0841
0.824688
1.09069
0.855703
1.14216
1.03916
0.78099
1.0953
0.958888
1.14402
1.09026
0.997443
0.669745
0.944768
0.824493
0.890804
0.930272
1.0268
0.92974
0.894817
0.85968
0.871544
0.975224
0.989563
0.950772
1.12866
1.00331
1.05453
0.917764
0.990418
1.02096
0.985532
0.745564
0.959332
0.964117
0.963733
1.02858
1.07756
1.03644
0.945953
1.2317
1.08627
0.948263
1.01324
1.04896
0.990483
0.90854
0.862804
0.840918
0.92121
1.05892
0.858631
0.736552
0.830913
1.03503
1.35524
1.15411
0.960875
1.11269
0.988112
1.18686
0.919402
0.805419
0.951688
1.03191
0.964476
0.856488
1.02665
0.984697
1.10819
1.09569
1.11935
1.21832
0.953719
0.774974
0.756368
0.826469
0.871095
1.1597
1.1129
1.075
1.018
1.2027
0.858509
1.07858
0.96005
0.91189
0.893407
0.898567
1.09765
0.988302
0.923889
0.983679
1.07254
1.02525
0.996053
1.00107
0.792952
0.730618
0.973357
0.995818
0.963257
0.998953
1.18267
0.748095
1.14665
0.867547
0.925503
1.07581
0.992342
1.06765
0.987052
1.01261
0.872243
1.05768
1.13464
0.876744
0.889672
0.928379
0.812337
0.877517
0.862557
1.14674
1.15954
1.10347
0.976456
1.05812
1.11419
0.825659
0.694866
0.811697
1.12406
1.13992
0.90599
0.997177
1.06351
0.782943
1.20347
1.0244
1.04895
1.14523
1.00742
1.01885
1.10206
1.01224
1.01471
0.719618
0.980831
0.964133
0.945438
0.861323
0.861969
1.21051
0.873828
1.18815
0.755744
1.18168
1.05888
1.23322
0.769016
0.931418
1.02618
0.763972
0.787733
1.0189
1.08974
1.01749
0.941997
1.07403
1.11452
1.01359
1.00611
1.08153
1.14319
0.950397
0.978418
0.85018
1.06955
0.702057
1.10356
0.904972
0.949725
0.881822
0.911024
0.977205
1.046
0.969633
1.11277
1.02565
0.936462
1.08032
1.10979
1.13165
1.11147
0.89802
0.891529
1.21182
1.03866
0.806512
1.12266
0.958682
0.996425
1.18103
0.907914
1.063
0.864896
0.956465
1.12521
1.14429
0.785641
0.931028
1.13383
1.00095
0.855392
1.0194
1.16035
0.986067
1.20077
0.989122
1.02076
0.996791
0.906554
0.943524
1.21514
1.05758
1.06545
0.966857
0.848046
1.11175
0.90156
1.17558
0.979959
1.07412
1.15965
1.0241
0.814131
1.0273
0.987457
1.02051
1.24965
1.01103
0.898215
0.932592
1.04895
0.969047
0.965283
0.9144
0.859132
0.968898
0.911463
1.02223
1.08023
0.961153
0.913615
0.959808
0.864543
1.07885
1.02546
0.964713
1.18742
1.04407
0.829172
0.845228
0.934938
1.03023
1.33553
0.932397
1.02467
0.980542
0.874938
1.01574
1.01021
1.08777
0.958397
1.05538
1.01741
0.887438
1.00922
1.15062
0.961972
0.947503
0.984453
0.985256
0.982511
1.18795
1.14666
0.97921
1.04494
1.08816
0.991965
0.856858
1.20984
1.2347
1.15611
0.916159
1.14525
0.923602
1.14325
0.824591
1.0395
0.965854
1.14271
1.11029
0.896198
1.1342
1.05841
0.934559
1.09412
0.984392
1.01542
0.714924
1.16914
1.0354
0.972509
0.892662
1.12157
1.05245
1.05755
0.922839
0.875344
1.14405
1.00925
0.948511
0.816242
0.981986
1.08654
1.08079
1.01981
1.02376
0.985335
1.0838
1.12989
0.972401
0.966807
1.01011
1.10862
0.842261
0.883737
0.878055
1.1283
0.876055
1.14794
0.796792
1.05116
0.934693
1.06845
0.887404
1.16813
0.963291
1.14813
0.962091
0.88791
0.697148
0.870918
0.958267
0.855814
0.99148
0.958817
1.03525
1.00083
1.05343
1.02898
0.88685
0.982612
1.00584
1.11444
0.829473
0.73655
0.896756
0.858659
1.03506
1.1504
0.816616
0.870434
0.975402
0.910421
0.883816
1.14804
0.95561
0.951855
0.776458
0.9004
1.10105
0.865677
0.881867
1.05561
0.931457
0.958526
0.965031
1.06547
1.21311
1.06421
1.13175
0.860742
1.05503
1.01201
0.822005
1.07959
0.86524
1.03531
1.18389
1.06476
1.07462
1.14922
0.855297
0.931889
0.808059
0.916968
1.09493
1.16314
0.961441
0.913623
0.893532
1.05624
0.959861
1.00798
1.10147
1.12056
0.982567
0.892155
0.912881
0.767681
1.07245
1.18337
1.00441
1.05563
0.832377
0.914553
0.911651
1.11406
0.812663
0.947316
1.22581
1.05637
0.823002
0.868925
1.12215
0.879494
0.993641
0.98661
1.04384
0.973317
0.903218
1.08605
1.03599
0.902227
1.05324
0.988164
1.2456
0.860547
0.973614
1.06689
0.869931
1.06747
0.992677
1.07968
1.12648
1.05986
0.888977
1.04618
0.868407
1.15513
1.08645
0.956119
1.0456
1.08081
0.983386
1.15942
1.10804
0.914574
1.30215
1.17059
0.843812
1.05929
1.1052
0.795022
0.962878
0.899313
1.09802
1.19605
1.13022
0.977424
0.831196
1.0302
0.780492
0.946728
0.993964
1.01851
0.747889
0.935048
0.855136
1.09032
1.11874
1.00987
1.04648
0.746229
1.11927
0.902983
1.18745
0.811738
1.04133
0.992994
0.819488
1.12138
1.04283
1.1889
0.904288
0.757212
0.783322
1.181
0.899048
0.642175
1.085
1.15637
0.956206
1.02986
0.941585
1.08934
0.972587
1.00524
1.11543
1.06963
1.08893
0.981402
0.969761
1.17571
1.03141
1.21746
0.974397
1.22741
0.894573
0.922021
0.911657
0.909778
1.02835
1.08405
1.26154
1.05932
1.23816
0.893562
0.880321
1.11047
1.00306
1.04873
1.03737
0.952513
1.05367
0.872037
1.06462
1.1145
0.913963
0.984058
0.987006
0.832218
0.907192
0.993199
0.99618
1.05707
1.02753
1.07086
1.18324
0.973736
0.929067
1.09792
1.14909
1.22658
0.870564
1.11183
1.03386
1.0243
1.08948
0.876308
0.829916
0.946133
1.36738
0.899655
0.94769
0.880785
0.995973
1.00686
1.08716
0.976489
1.05925
1.13856
1.09584
0.965047
1.1169
1.08956
1.0484
0.980497
0.879891
0.847349
0.865428
0.998223
1.05979
1.14669
1.21751
1.02045
0.74087
0.935835
0.816811
1.20819
0.939522
1.11423
1.17804
0.925167
1.04695
1.03881
0.995721
1.07209
0.781979
0.717697
0.907348
0.999691
1.16413
0.73127
0.915666
0.843172
1.00231
1.04528
0.944809
1.10281
1.08865
0.942708
0.924511
0.795485
1.01125
0.811416
0.999331
1.08573
0.930503
1.01096
1.02135
1.17875
0.958101
0.92849
1.13516
0.913197
1.05988
1.02012
0.862846
1.18213
1.03946
1.01701
1.12849
0.926065
1.05421
0.834879
0.924489
0.865403
0.897819
1.28692
0.949958
0.905379
0.935726
0.925021
0.998442
0.926825
1.14588
0.925495
1.04974
1.09181
0.937865
0.987738
1.23506
1.13563
0.9492
1.17008
1.0887
1.19519
0.939433
1.13495
1.0423
0.830181
1.1214
0.946943
0.962665
1.05787
0.995316
0.946971
0.973149
0.924587
0.830838
0.848651
1.25814
0.848125
1.18918
0.933911
0.826577
1.07381
1.14999
0.896083
0.888403
1.16313
1.06379
1.08385
0.714545
1.03436
1.00097
0.888347
1.13942
1.13007
0.859578
1.00449
1.01312
0.890431
0.861326
1.17427
1.07096
1.03857
0.992872
0.965908
1.09732
1.1201
0.894881
1.06242
0.847193
1.02719
0.870791
1.03383
0.985416
0.856763
1.19875
0.935534
0.977938
1.05506
0.850536
1.12515
0.935922
1.17407
1.08448
0.993364
0.949317
1.0505
0.761547
1.07469
0.804284
1.05122
0.837382
0.91192
0.869958
1.02547
1.07211
0.831068
0.990393
1.1281
1.07209
0.902265
1.02032
1.10421
1.06122
0.86447
1.03138
1.02671
0.952139
1.01705
1.09097
0.777311
1.19759
1.13437
0.94763
0.972744
1.13509
0.811203
0.856908
0.853369
0.979095
1.00368
0.959576
1.00288
1.13296
1.06817
1.03695
1.12161
1.06722
0.960217
1.23668
0.628662
1.10366
1.02999
0.808129
1.04959
0.910026
0.776137
0.850127
0.805065
0.816678
0.958637
0.980457
1.05673
0.968809
1.03594
0.745859
1.15809
1.01008
0.985973
1.02951
1.06392
1.03468
1.06458
0.827643
1.0086
1.04446
0.93988
0.853815
1.00781
1.1199
0.815469
1.00437
1.02419
0.96623
1.01101
0.794925
1.08014
0.950582
1.0285
0.928137
1.01039
0.837048
1.11962
0.910435
1.06247
1.11606
1.08008
1.15576
0.972882
1.06151
1.03527
0.95098
1.01037
0.992427
0.970666
1.05983
0.839689
0.8874
1.05339
0.855062
1.1189
0.871772
1.0573
0.800754
1.00672
0.784151
0.768072
0.855784
1.06068
0.808483
0.974819
0.967034
0.814862
1.00967
1.03444
1.15886
1.18872
1.0739
0.815307
0.993442
0.907506
0.887397
0.945671
1.11092
0.929727
0.883927
0.909574
1.13616
0.944511
1.20883
0.796566
1.02883
1.04639
1.03367
0.911093
1.01358
0.983617
1.03951
0.983938
1.0683
1.08795
0.976507
0.953267
0.989873
1.09716
1.03524
0.758973
0.982478
0.873186
1.00753
0.957455
0.823522
1.06978
0.924031
0.944012
1.00277
1.17491
0.979512
0.791888
1.15106
1.14422
0.901936
1.04263
1.1727
1.27252
0.855109
0.912617
0.854528
1.01778
0.946288
0.822243
1.0163
1.18507
1.02589
1.18613
1.20618
0.920952
1.13185
0.975962
1.04466
0.823754
0.704944
0.928921
1.10327
0.87512
0.929692
1.2056
0.967342
1.07157
0.834359
0.884482
1.14877
1.03236
0.779492
0.836177
1.05637
1.09325
1.11256
1.07322
1.09323
0.940102
0.94472
1.01461
1.09068
1.02927
0.90419
0.801016
0.87143
0.906345
1.07522
1.16027
1.06228
1.24644
0.999209
1.10257
0.917661
1.23598
1.03241
1.00778
1.1063
0.856473
0.900515
1.02537
1.21227
1.16369
1.10484
0.935819
0.845529
0.982772
0.945106
0.908092
1.08502
1.15141
0.884391
0.888819
0.962957
1.25351
1.15985
0.918648
1.1055
0.939017
0.967128
0.967417
0.871492
1.03422
1.24165
1.14026
0.830037
1.04754
0.982533
1.26577
0.984416
0.871835
0.932887
0.802174
0.852733
0.861991
0.926738
1.0997
1.04416
1.03272
0.886508
1.02731
0.915909
0.780179
0.929057
1.01694
0.866758
1.1361
0.960643
1.04951
0.974526
0.991251
0.799605
0.995011
0.96707
0.728498
0.882124
0.793587
1.00223
0.911163
1.21076
0.86311
1.01532
1.14363
0.847219
0.916222
1.08187
1.11287
0.670109
1.05785
1.09473
0.801892
1.04947
1.14494
0.897043
0.910212
1.10957
1.16399
1.04088
0.915686
1.20619
0.989763
1.00922
0.92635
1.21985
1.08602
1.21273
0.918216
0.942133
0.927646
1.19899
1.06327
1.03224
0.969559
0.98745
1.14445
1.13032
0.812082
0.833237
1.15762
1.18445
0.860493
1.15395
1.13597
0.924949
1.16533
1.07018
0.832804
0.980049
1.14107
1.03303
0.858958
0.9106
1.08745
0.923507
0.93461
0.886312
0.791471
0.983635
0.968823
0.907681
0.914931
1.02533
0.937495
0.914376
1.09056
0.933746
1.0814
1.19101
1.06977
1.05956
0.990712
1.06142
1.08131
0.872896
0.874965
0.978701
1.06023
1.09973
1.01052
0.900302
0.98307
1.05575
1.01676
0.882591
0.909806
0.89863
0.888252
1.23321
1.04531
0.91558
1.05658
1.13409
1.0076
0.827648
0.97496
0.969557
1.04409
1.26379
0.981374
1.0546
1.05949
0.761512
0.779226
0.844433
0.738583
0.894447
1.17141
0.940476
1.00334
1.23495
0.979614
0.801407
0.970792
1.05563
0.96583
1.08205
0.980849
1.03578
0.900738
1.10785
1.08518
1.03467
1.15289
1.03481
0.923796
0.979406
0.934629
1.12016
0.866094
1.10833
1.00093
1.11266
0.727018
0.878522
0.915634
0.917318
0.967073
1.04205
0.886339
1.09001
0.860372
1.02959
0.946377
0.985267
1.22733
1.18627
1.02387
0.895831
1.04134
0.962206
0.995745
0.98155
1.04187
1.05524
0.875954
1.16319
0.839608
1.11142
1.01863
1.07935
0.687362
1.117
0.903118
1.02438
1.15507
0.912543
0.952863
0.85636
1.04353
1.0917
0.942507
1.23673
1.08106
1.11794
1.0313
1.05095
0.91828
0.856618
1.11587
0.795357
1.10928
0.791797
1.08079
0.882497
1.18153
1.25117
1.20969
1.08941
1.02235
1.093
1.07143
1.03238
0.926688
0.914778
0.971504
0.943433
0.861855
0.988552
1.19628
0.957748
0.95607
1.10789
1.08434
1.01258
0.942716
1.00283
0.777328
0.863557
0.905169
1.08855
0.870386
0.802033
0.957601
1.26642
1.11331
0.984476
1.09036
0.808718
1.01407
0.987302
1.08274
0.92154
1.1429
1.15761
1.01203
1.06489
1.04803
1.24446
0.899707
0.767058
0.857539
0.9217
0.820712
0.961996
0.890552
0.929775
1.18228
0.968634
0.906213
0.991802
1.19876
1.03203
0.9487
0.98002
1.03744
1.04139
1.1901
0.985257
0.900358
0.99737
1.13333
1.01565
1.01087
1.03367
0.897855
0.880244
1.09948
0.774348
0.916987
0.926008
1.10442
1.04461
0.843068
1.05683
1.10429
1.00847
1.02656
1.06953
1.12504
1.26858
0.970914
0.963498
0.829517
1.08612
0.946011
1.10403
1.09779
1.16616
1.17452
1.10592
0.948698
0.75723
0.962191
1.05888
1.19806
0.865312
1.07717
1.01655
0.945768
1.1276
1.0809
0.761775
0.898944
0.673466
1.1004
0.817633
0.947208
0.942936
1.04469
1.03422
1.09735
0.983792
1.11823
1.22059
0.789595
1.44088
1.25493
0.981215
0.95036
0.839079
1.07682
1.00505
1.0773
0.981255
1.09098
1.03502
1.0042
0.986268
1.15225
1.10737
1.17082
0.994663
0.969772
0.825564
0.888779
0.854684
0.929065
0.909117
1.15948
1.05671
1.03628
0.886049
1.05221
0.925601
1.01882
0.936603
1.14715
0.957892
0.982833
0.943168
1.07743
0.859121
0.871318
1.20317
0.870742
0.94517
1.06703
1.22541
1.01012
1.00595
0.983959
0.987007
1.05888
0.970133
0.903864
1.09304
1.15963
1.06394
0.903959
0.970798
0.89864
1.16566
1.12991
1.14599
0.965115
0.867733
0.890943
1.00691
0.937627
1.04179
0.888933
1.01949
1.10348
0.964462
1.02592
1.16172
1.10483
0.789209
1.01629
1.1724
1.00689
0.990857
0.899404
1.01494
0.942724
1.01312
0.976978
0.989072
1.04193
1.06667
1.07854
1.01352
1.15939
1.17369
1.04669
0.721556
1.03306
1.10852
1.01907
0.978794
1.10808
1.10713
1.06
1.12356
1.17646
1.10781
0.836581
0.899186
1.08541
1.04245
0.985603
0.93174
0.959625
0.843571
0.969828
1.16732
1.01652
1.15944
0.959558
1.11099
0.917588
1.13334
0.938251
1.02433
1.00333
0.959332
1.18599
0.763156
1.16581
0.943245
0.854619
1.02525
1.04198
1.05806
1.01911
1.03278
0.930585
1.02937
0.980092
1.02459
0.923697
0.911448
0.826752
1.05567
1.13188
1.02991
1.01483
1.07028
1.04363
0.837268
1.09088
0.876697
0.856549
1.01377
1.13478
0.950063
1.15951
0.815263
0.995199
0.884182
0.80402
0.775493
0.932724
1.09873
1.05132
1.09167
0.802809
0.989107
0.903
0.850942
1.01996
1.04304
1.00151
0.891953
0.866803
0.869308
1.01553
0.897163
0.809603
1.03887
1.08325
1.20047
0.991466
1.03909
0.988063
1.04869
1.15734
0.812716
0.996133
0.947458
0.997727
1.12112
1.01349
0.850408
0.858374
0.950439
0.841785
1.19228
1.12869
0.976655
1.06245
1.1672
1.03709
0.990926
0.826588
1.00594
0.810726
0.978672
0.99192
0.905417
1.2295
1.1363
0.822459
0.875163
1.07126
1.11821
1.00947
0.929149
0.972264
1.13843
1.16483
1.1603
1.15023
1.00208
1.03785
0.946591
1.04422
1.08885
0.74855
1.03028
0.989988
1.2494
1.10795
1.0506
1.105
1.04825
0.782619
1.1014
1.14535
0.96683
1.05391
1.11322
0.973903
0.801768
0.963896
1.03792
0.978497
1.01181
1.16903
0.993354
0.920266
1.17019
0.908697
1.06193
0.972643
0.979646
0.712929
0.877093
1.00861
1.00618
1.04224
1.15291
1.27457
1.03038
1.02453
0.901514
1.04825
1.1011
1.04782
1.17396
0.960523
0.812906
1.17529
0.881227
0.873152
0.973042
1.20223
1.05957
0.986344
1.01018
0.76353
1.14893
1.06724
0.971438
1.14946
1.02312
0.965863
0.804308
0.936851
0.924247
0.881493
0.936184
0.921268
1.07651
1.05259
0.936654
0.982173
0.838096
0.961012
1.03599
0.896979
1.04252
0.877396
0.970885
1.0532
0.942924
1.20761
0.879098
1.07814
0.827247
1.01717
0.900594
1.10424
0.963133
1.05717
0.901162
1.08359
1.07684
1.25136
0.933322
0.807005
0.851456
1.07905
1.17682
1.15099
1.14023
1.04572
0.873287
0.970564
0.986747
0.983354
1.01133
1.11683
0.907151
0.787618
1.15536
0.997279
0.774993
1.07607
1.02405
1.12581
1.01352
0.930347
0.88316
1.10142
0.898773
0.903022
0.80231
1.0219
0.992332
1.10551
1.04205
1.02704
0.921905
1.10068
1.06874
1.00748
0.992812
0.892802
0.831624
1.0673
1.13555
1.0321
0.790418
0.793764
0.965451
0.984562
1.04521
1.08274
0.908886
1.18745
1.02856
1.14995
0.971693
1.05877
0.899889
1.01972
0.948438
1.14077
0.921782
1.17133
1.03998
0.989896
0.96926
0.935917
1.12607
0.79843
0.851375
0.927473
0.974165
0.98046
1.04311
0.794938
0.947676
1.08778
0.905045
0.908347
0.943045
0.931242
0.890195
1.08511
1.0133
1.24177
1.11732
1.20295
1.01372
0.965049
0.879602
1.02503
1.15975
0.974006
1.05689
1.08415
1.0458
0.942689
0.873411
0.926915
0.799892
0.991814
0.938808
1.04804
1.35306
0.924936
0.802279
1.00617
1.07562
0.919501
0.885391
1.07239
0.847118
1.06456
0.817325
0.90079
0.934084
0.923556
1.14903
1.12542
1.15002
1.17549
0.858568
0.935455
1.10346
0.869066
1.06619
1.02242
1.15436
0.985874
1.04527
0.954092
0.800252
1.15035
1.1004
1.18358
0.912316
0.953606
0.968648
0.872773
0.938184
1.26886
1.2298
0.80269
1.0773
1.08929
0.880469
0.940962
1.13095
1.06586
1.05128
0.736989
1.10646
0.953946
1.02122
0.959724
0.935107
1.14006
0.97085
1.00305
1.21166
1.16278
1.03448
1.00096
0.840794
1.09521
1.11435
0.859352
0.929528
0.967398
0.893957
0.832963
1.00515
0.936814
0.927198
1.03195
1.05872
1.02882
1.00579
0.779024
1.00046
1.01124
0.933657
0.932564
0.857552
1.10894
0.986209
0.990285
0.908257
1.08932
0.856428
0.92963
1.15444
1.00668
1.28447
1.08886
1.15555
1.07959
1.11139
0.961374
0.897699
0.933928
1.00129
0.914343
0.917302
0.749607
0.914277
1.09227
1.04206
0.936727
1.00174
0.940051
0.889707
1.14268
0.91409
1.22644
0.974452
0.97668
1.01025
0.916736
1.09374
0.87025
1.03972
1.02667
0.711658
0.993427
1.00675
0.906217
0.946797
0.997093
1.03079
1.10379
0.790271
1.18262
1.13865
0.943197
1.1246
1.24817
0.805897
1.39708
0.94514
0.931254
1.03533
0.90818
1.12488
0.966083
1.0686
0.803014
0.927045
0.981053
0.876332
0.955162
0.999602
0.858258
1.03139
0.900948
0.971459
0.952276
1.16229
1.20642
0.967133
1.11823
1.24342
1.08277
1.02632
1.01612
1.0071
1.0219
0.955877
1.0931
0.820607
0.863794
0.891202
1.20391
0.805927
0.971063
0.82392
1.36051
0.966613
0.881648
0.755397
1.14077
0.894523
0.978531
1.07647
0.900338
1.09918
1.1139
0.886906
0.803031
0.889162
1.1326
1.03597
1.09099
1.07112
1.04702
0.879193
0.902218
1.06077
1.06569
0.855781
0.910576
1.1066
0.984817
1.24913
0.967248
1.08997
1.00753
0.983717
0.914233
0.872704
0.954599
0.885853
1.17186
1.0438
1.07699
1.00611
1.05308
1.02116
0.929805
0.952365
0.866433
1.0484
1.1345
0.951112
1.02339
1.14709
1.08786
1.06261
1.03527
0.927052
0.867697
1.08177
1.03573
0.805262
1.02101
1.10852
0.847797
1.04355
1.07181
0.886266
1.06993
0.962073
1.13049
0.956886
0.89438
0.826383
1.10901
0.993891
1.00525
0.950604
1.11333
1.15532
0.986904
1.24609
1.16272
0.771685
1.17532
1.04048
0.900373
0.945397
0.951146
0.91013
0.953453
0.92941
0.910957
0.930138
1.00854
1.04662
0.917651
1.06557
1.09341
0.742931
1.24673
0.993872
0.971275
1.0853
0.945513
1.05903
0.833642
1.04762
0.974483
1.1265
0.921213
0.899861
0.909764
0.874236
0.777223
1.03125
0.804639
1.08065
0.883881
0.913701
1.1165
1.1363
1.03733
0.996342
0.928187
0.863272
1.01403
1.08552
0.928002
0.958027
1.08135
0.907594
1.06063
1.12668
1.11174
0.910132
0.84042
1.03502
1.11627
1.10531
1.07629
1.0462
0.876095
0.992883
0.992472
1.01129
1.14051
1.14261
1.09086
1.00573
0.959687
0.73319
1.05131
1.0809
0.796876
0.910809
1.20973
1.04699
0.850153
0.924943
1.05664
0.795599
0.939756
0.886278
0.819965
1.16949
1.06259
0.884867
1.10679
0.846421
1.04054
1.05305
0.939424
0.838332
0.771708
0.973209
1.07366
0.872145
1.04347
0.972766
1.00063
0.816733
1.01784
0.836577
1.06427
1.01806
0.890409
1.14906
0.890612
1.1362
1.02973
1.12783
0.818879
0.830353
1.18348
1.01898
0.988116
0.914883
0.882565
1.10907
1.14669
1.01928
0.924044
1.07567
0.772233
0.93794
1.00272
0.883611
1.00348
0.852444
0.908699
1.09488
0.976445
1.09568
1.07104
0.998049
0.838589
1.31668
0.966923
1.06861
1.05741
0.907969
0.969774
0.999002
1.18994
0.88998
1.0058
1.18107
0.854687
0.816228
1.03448
0.92758
1.10841
1.13838
1.22119
0.894254
1.23272
1.12643
0.962144
0.987175
0.857902
0.959357
1.00469
1.00471
1.21301
1.01258
1.04474
1.04339
0.980327
1.05972
1.12464
0.974772
1.01163
1.13712
0.960452
0.817841
1.10534
0.981328
0.901729
0.898415
0.879128
1.07204
1.10773
1.10144
1.05625
0.814557
0.983381
0.896793
0.942497
0.858861
0.94302
1.05656
1.14923
1.22113
1.07589
0.818221
0.984248
1.12305
1.0956
1.0237
1.05634
0.831442
0.927624
1.04533
1.1441
1.07943
0.945307
1.02399
1.2417
0.974389
1.12441
1.1428
0.874833
0.892752
0.877036
0.90704
1.12862
1.28075
0.880121
1.0196
1.12491
1.10965
0.976473
1.23099
1.1977
0.887926
1.01786
0.855917
1.2501
0.968708
0.821117
1.06782
1.15507
1.03354
0.996399
1.17211
0.948772
0.991424
1.21999
0.96303
1.32413
0.942952
1.41729
1.29566
1.10619
0.903735
0.848932
0.975062
0.776558
0.973573
0.901569
0.919725
0.873947
1.0575
0.788417
1.11767
1.11115
1.04657
1.04603
0.963833
1.01622
0.857987
1.03457
1.03744
1.04361
1.06009
0.737501
1.1
0.868503
0.840474
0.917408
1.05657
1.04652
1.0405
1.23944
0.905003
1.01933
0.880361
1.04411
1.21131
0.870724
1.10868
0.892984
1.09574
0.977881
0.918393
0.939468
1.08251
0.975453
0.812578
1.08418
0.938534
1.08023
0.986428
1.0737
1.02737
0.94845
1.13054
0.942358
0.846928
1.08956
1.31037
1.07959
1.09283
1.0019
1.13532
0.864202
0.892241
1.15697
1.07859
0.907015
0.778558
1.06128
0.850737
1.07146
1.00468
0.774055
0.937776
1.05452
1.02991
0.815177
0.945586
1.15132
0.953562
1.17386
1.17049
1.28521
1.03816
1.01601
0.93342
0.805416
1.07274
1.01786
1.1055
0.950026
1.10765
1.03062
1.04423
0.990285
1.20759
1.05846
1.00733
1.01093
1.19492
0.983254
1.19741
1.12922
1.13786
0.95845
1.09481
1.01642
0.99119
0.865774
1.08709
1.18876
1.06242
0.822146
1.19596
0.89909
0.893123
1.23085
0.894878
0.944829
1.08759
0.804463
1.07385
1.01693
1.02917
0.949748
1.05716
1.07778
1.25823
0.913631
0.875695
1.00878
0.957789
0.999154
0.976022
1.05527
0.982855
1.12711
0.889508
0.905833
0.921298
1.03909
0.950568
1.07686
0.886006
0.873038
1.18053
1.04252
0.870385
1.08674
0.826041
1.10137
0.873151
0.956222
1.13688
0.901006
0.967284
1.00157
1.21499
1.01692
0.989589
0.987972
0.726653
1.07615
0.847101
1.06136
1.04307
1.05815
1.23405
1.02741
0.968328
0.877653
1.05819
0.968883
0.96489
1.08722
0.668382
1.01528
1.11905
1.08668
1.01127
1.10726
1.04001
1.0112
0.967435
1.01089
0.992409
1.14891
0.942327
1.02575
0.748762
1.22055
0.909596
1.10468
0.982176
1.00256
0.975585
0.99446
0.991254
1.09741
0.883317
1.03818
1.31561
0.854781
1.03281
1.05603
1.06425
0.92582
0.993588
0.988548
1.13213
0.804445
0.795621
0.953524
0.917345
0.990383
1.03002
1.08468
0.900882
0.904302
0.961428
1.04941
0.860487
0.975748
0.978757
1.03282
0.978839
0.895504
1.12578
1.21932
0.926377
0.859428
1.11206
0.883503
1.00033
0.888695
0.83693
1.08124
1.02222
1.05248
0.954736
0.938622
0.999715
1.03019
0.725812
0.977178
1.1249
1.15134
0.990864
0.988759
1.23527
1.00301
1.02714
1.09861
1.00615
1.02867
0.940934
0.988803
0.936442
0.820482
0.993168
1.18386
0.933879
1.21352
1.04197
1.05201
0.966198
1.17114
1.25605
1.05688
1.10953
0.836091
1.15988
1.21977
0.742526
1.05855
1.07475
1.14008
0.744143
1.01708
1.27819
1.0858
1.0803
1.0568
0.927963
1.07188
1.0237
0.866031
0.950342
1.05875
0.818539
1.11381
1.02076
1.17666
0.926132
1.12667
0.847475
0.907973
1.0888
0.998435
0.846247
1.10781
1.05669
1.01327
0.995813
1.20546
1.0868
1.02276
1.07542
0.946447
0.995353
1.09061
1.05556
0.801711
1.05579
0.920368
1.05605
1.03573
0.980736
1.06864
0.907212
0.827088
0.968432
0.966886
1.00387
0.905958
1.05019
1.08613
0.871267
1.27055
0.964445
0.991165
1.05116
1.12243
1.09462
1.04221
0.801286
0.971342
0.884279
0.959009
1.25859
1.04108
1.01557
1.05541
0.928173
0.994027
0.877007
1.05652
0.919625
1.19953
1.01649
1.01016
0.994582
1.10323
1.01039
1.08608
1.19185
1.01456
0.876935
0.850193
0.841139
1.08637
0.983
0.998798
0.996274
0.819093
1.19355
1.12605
0.938137
0.984795
1.02414
1.12539
0.882408
0.806283
1.17084
1.08347
1.2166
0.972297
1.09491
1.01211
0.993317
1.12561
0.740213
0.973402
1.06231
1.0334
1.05703
1.00408
1.09302
0.988523
1.10817
0.870425
0.932916
1.25289
0.874671
1.23234
1.07819
0.882892
0.891634
0.934983
0.934398
1.10972
0.998046
1.09601
1.23106
1.2471
0.938233
1.17239
0.849021
1.04022
0.84354
0.950209
0.930626
1.01844
0.994347
1.08745
1.11723
1.02323
1.09194
1.08292
1.17569
1.04568
1.2215
0.956923
1.10731
0.986359
1.08653
1.18322
1.00921
0.902602
1.24246
1.14031
1.09832
1.06309
0.951912
0.859316
0.789361
1.08014
0.77554
1.0173
1.04652
1.05979
0.914711
1.15959
1.16919
0.980241
0.956383
0.896685
0.944426
0.934047
0.972003
1.32545
0.88379
1.0078
1.12236
0.947403
1.01616
1.2126
0.876842
0.862625
1.08847
0.921467
0.89339
0.844717
0.987115
0.868164
1.01345
1.17465
1.28352
0.942164
1.00443
1.13669
1.06537
0.999278
0.875302
1.06818
0.879836
0.97861
1.02371
0.916541
0.889436
0.853897
1.24943
0.956504
0.941809
0.948833
1.1922
0.79151
1.02459
0.895321
1.26248
1.07856
1.0815
0.747228
0.995164
0.852975
0.998575
0.989631
0.988951
0.790691
0.875277
1.17052
0.951421
1.21618
0.992782
0.962213
1.12136
0.979202
0.898508
1.06583
1.10375
1.02333
0.941222
0.948594
1.09765
1.14042
1.23184
0.964525
0.894873
1.34211
0.978603
1.0884
0.897445
0.99871
1.08335
0.960537
1.01537
0.842448
0.841884
0.976409
0.977327
0.948868
1.19817
1.23721
1.08399
0.946778
0.801975
0.946667
0.82794
1.0556
1.06051
1.11916
0.948597
1.1392
0.947767
1.06553
0.821774
1.16498
0.751787
0.999304
1.30389
1.11262
1.0652
1.03649
1.11621
1.19799
1.06248
0.968973
1.12126
0.894002
1.09979
0.76456
0.986992
1.04658
1.016
0.959182
0.939352
0.762517
0.917587
1.15673
1.13614
0.865162
1.04772
1.07245
1.03274
1.102
0.97331
1.02994
1.04041
1.0793
1.04891
0.980647
1.0542
1.02321
1.02752
0.935089
0.911833
0.968583
1.26086
0.948214
0.990727
1.24599
0.944052
1.06402
1.02261
0.977955
1.30042
0.928258
0.852027
1.03451
1.04661
1.111
1.07513
0.843933
0.744049
1.02607
0.9488
1.02387
0.913903
1.1751
1.18036
1.1627
0.934088
0.981463
0.897558
0.988887
1.03823
1.23106
1.10632
1.10982
1.0404
1.06199
0.91374
1.01622
1.00268
1.12288
0.939569
1.05823
0.975435
0.868956
0.828187
1.1683
0.821732
0.979824
1.06292
1.01536
0.92226
1.14288
0.932952
1.00328
0.927725
1.14068
0.851794
0.965414
0.837294
1.01255
0.922022
0.917881
1.02193
0.77513
1.14635
1.25158
1.04433
0.863673
0.923543
1.23526
0.863917
1.08268
1.10957
1.00564
1.1479
1.00239
1.05205
1.05285
1.03035
0.91221
0.814574
1.09006
1.03823
1.0033
0.860573
0.912046
1.16264
1.02024
1.09793
1.05311
1.1887
0.979072
0.876236
1.0648
0.945187
1.03925
1.14743
1.02114
1.07199
1.17884
1.08062
0.972047
1.00395
1.15504
1.0637
1.02025
0.828923
1.02027
0.987113
1.07794
1.03086
1.13724
0.968181
1.14999
0.898262
0.943081
0.849407
1.05996
0.991428
0.76
1.11344
0.882343
0.788597
0.905524
0.898866
1.33523
1.10849
1.13725
0.90427
0.977572
1.11483
1.18977
0.830195
0.966895
0.937007
1.07864
1.07955
1.09968
0.889998
0.984669
0.961149
0.965886
1.07095
1.12654
1.09013
1.16236
0.96872
1.12248
1.23476
1.00467
0.961476
0.843473
0.978127
1.12778
1.04211
0.924709
0.995768
0.985962
0.986887
0.963786
1.20562
0.977018
0.697278
0.99765
0.983805
1.03508
1.04193
1.09225
1.06124
0.779862
0.91843
1.2296
1.16679
0.840423
1.01143
1.02522
0.970556
0.869565
1.01639
0.917878
0.993393
0.807143
1.04352
0.930083
0.940856
1.09995
1.02104
0.842323
1.00945
0.93373
1.09117
0.826734
0.89964
0.937585
1.08882
0.80624
0.865045
1.15267
0.830131
1.06475
1.08441
0.94953
1.07475
1.2019
0.881849
1.0631
1.07378
1.20504
0.915355
1.04426
1.14929
1.05669
0.686316
1.10782
1.1371
0.872008
1.0602
1.08634
1.02288
0.679817
0.975757
0.936988
0.876319
1.01111
1.13443
1.06074
0.982816
0.77303
1.03895
1.00088
0.987829
1.12049
1.12372
1.10247
0.989582
1.00998
0.869992
0.957181
0.97433
1.01706
1.08908
1.04441
1.11523
1.15157
0.936041
1.11234
1.20573
1.04131
1.09737
0.999304
1.16483
0.859874
0.99212
1.04519
0.921007
0.98338
0.970963
1.0362
0.842523
0.777478
0.809533
1.06319
0.944936
0.942579
1.07205
1.1616
1.01476
0.990446
0.881594
1.01152
1.1299
0.938228
1.00647
1.15037
1.14834
1.11361
0.981877
1.18137
1.15219
1.29469
0.971108
0.91351
1.02475
1.13266
0.930644
0.985939
0.979205
0.833149
0.967287
1.21856
1.18147
0.895278
1.10611
0.948362
0.947588
1.0683
1.00385
0.902084
0.781574
0.914551
1.08762
0.942473
0.980842
1.02334
1.05209
0.861738
1.01966
0.885257
0.916585
1.11335
0.9349
0.825874
1.05464
1.171
1.03861
0.922418
1.13064
1.25118
0.927826
1.16303
1.0581
0.863123
1.22345
0.979482
0.811973
1.00526
0.995354
1.06068
0.938328
0.706556
1.07388
1.04228
0.954142
1.05688
1.32333
0.907543
0.89844
0.860898
1.0274
0.915727
0.972562
1.05573
1.01778
0.921808
1.17468
1.16895
1.06544
1.08481
1.16052
0.924996
0.776192
0.892296
1.06338
0.95034
1.09862
1.0212
1.0407
1.22127
0.910877
1.00851
1.07915
0.798877
1.23478
0.895318
0.895594
1.08541
0.927142
1.16259
1.169
1.01123
1.12628
1.08388
0.845088
1.01814
1.08873
0.978307
0.8877
1.06214
1.11608
0.831732
0.752077
0.812584
1.05182
0.96683
1.10792
1.01674
0.847618
0.981266
0.988896
0.825618
1.12077
1.03624
1.01691
1.02612
1.04414
1.18204
0.92226
1.09574
0.904598
1.17056
1.0065
1.09461
1.07491
1.05125
1.07433
0.935649
0.91369
1.03624
1.05084
1.14001
0.853965
1.02697
0.962952
1.15814
0.731563
1.03309
1.2343
1.00302
0.942963
1.24331
0.976029
0.982869
1.10152
0.934538
1.05658
1.10013
0.871995
0.949709
1.11015
1.03677
0.990194
0.916526
1.15247
1.30312
1.21065
0.837502
1.10437
0.956404
0.953081
1.11011
1.12113
1.1645
0.993366
1.02421
0.956794
0.914451
1.02399
1.22218
1.1978
0.919711
0.943088
0.950872
1.02355
0.978022
0.863221
1.04804
0.966092
1.08846
1.10917
0.897987
0.812368
0.992744
0.839595
1.0797
1.07977
1.06582
1.09753
0.914572
0.879873
0.993414
1.00982
0.815786
1.15266
1.21513
0.886232
1.21455
0.936159
1.04678
0.973237
0.9621
0.881118
1.33214
0.993969
0.862907
0.870924
0.962777
1.04227
1.08337
0.955786
0.952385
0.951427
0.959718
0.881058
0.812967
0.960364
1.02758
1.0565
0.808993
1.04464
1.08938
0.928234
1.09864
0.927678
0.991402
1.11631
1.06886
1.01236
0.970896
1.02627
1.12473
1.02637
1.07884
1.08454
1.22923
1.08264
0.966933
1.02267
1.10804
0.953241
0.832213
0.932168
1.06551
0.999557
1.07107
0.979946
0.980304
0.952903
0.987826
1.0913
0.896905
0.889054
0.8759
1.20148
0.949644
1.1304
1.05322
1.00028
1.02084
0.948788
0.975438
1.02564
0.759455
1.02774
0.935135
0.899897
0.887371
1.27379
0.829763
0.994049
0.962496
0.932561
0.91118
0.919196
0.670025
1.03273
0.9392
1.0304
1.13813
0.982439
1.01236
0.956152
1.07197
1.02583
0.936849
0.922325
0.919606
0.762793
0.912755
1.20694
0.813031
0.789356
1.01483
1.2511
1.04238
0.940526
1.07026
1.21607
0.949449
0.98463
0.838641
1.01324
1.12365
1.0833
1.03149
0.991468
1.14927
1.16765
1.01781
0.848442
0.897384
1.12443
0.814813
1.19929
0.918319
0.802283
0.865753
1.19754
1.14337
0.921275
1.06368
1.15026
0.851726
0.910802
0.935883
1.27853
0.878701
0.751849
0.987774
0.849238
0.97889
0.897348
1.01382
0.902169
0.944701
1.03444
0.858503
0.931815
1.09677
1.05584
1.17982
0.962782
0.959011
1.12183
1.06935
1.24062
0.990376
0.997353
0.847282
1.0891
1.1481
0.914806
1.02339
1.26511
1.16487
1.1646
1.17406
1.14411
1.1849
0.861394
1.11639
0.964257
1.04323
1.05181
0.974643
1.29829
0.875238
0.892597
1.00314
0.819
0.934887
1.06878
1.24482
1.06582
0.819546
0.984013
1.04398
1.1105
1.0209
1.04697
0.973085
1.00231
0.914015
0.848368
0.939972
0.880557
0.987233
1.11353
1.02456
1.01599
0.88583
1.06208
0.931789
1.16103
1.02632
1.03045
0.964882
1.08955
1.10841
0.82015
0.843031
0.990034
1.14038
0.943317
1.07226
0.978141
1.24317
1.19875
1.00525
1.02234
1.09566
0.928596
1.00801
0.932877
0.884468
1.04003
1.01085
0.957192
0.950801
0.928553
0.935576
1.06527
0.974026
1.0315
1.0424
1.04791
0.879274
0.974886
1.22475
1.37204
0.967007
0.933677
1.0715
1.11346
1.0966
1.05106
1.01644
1.03289
1.12355
0.912043
0.924911
0.980563
1.1066
0.98178
1.09058
0.947615
0.914342
0.854849
1.11341
0.906564
0.988904
0.846067
1.01455
0.87119
0.924681
1.16647
1.0458
1.13631
1.05178
0.802117
0.947892
1.20084
1.02799
1.01511
1.05609
0.860453
1.2059
0.888311
1.02577
1.24824
0.958079
0.901108
0.798816
0.820196
1.15522
1.05775
0.847812
0.808422
1.06533
0.905163
0.878843
0.86533
1.13651
0.858694
1.07722
1.04413
1.01349
1.03092
1.02474
1.15709
1.22316
1.10487
1.00514
0.952827
1.16568
0.962492
0.817556
0.970742
0.925511
1.13252
0.789614
1.08481
1.08242
0.837644
1.02682
0.941543
0.861592
0.922174
1.0551
1.07001
0.983823
1.03145
1.06135
0.915199
0.986937
0.853437
1.08629
0.877087
0.834898
1.09731
1.11632
0.939745
0.797832
1.02389
1.1163
0.934218
1.06967
0.889911
1.07342
0.882437
1.09724
0.720475
0.820864
0.833098
0.855453
0.944212
0.887893
0.768404
0.983825
0.906155
0.696978
0.942305
0.82651
1.11747
1.01163
1.04884
1.0022
0.897834
0.990643
1.17862
0.993703
1.13854
0.953311
0.931987
1.11541
0.993349
0.97375
1.00236
1.01633
1.00526
0.846432
1.10356
1.07902
0.789748
1.07819
1.03683
0.958528
0.804837
1.28945
0.982874
0.984235
1.14068
1.09993
1.18935
1.03692
1.07079
0.887129
0.893356
1.14892
0.976593
1.03943
1.1727
1.2542
0.927601
1.16058
0.862112
0.849303
1.15077
1.27776
0.83348
0.870823
1.08581
1.04765
1.05084
1.11741
0.676368
1.0112
1.01098
1.30616
0.93718
0.898541
0.93239
0.813622
1.07714
1.03094
0.917853
1.06094
0.978949
0.903819
1.00017
1.12572
1.08718
1.09758
1.0425
0.858908
1.12314
0.69134
1.17544
1.07714
0.809442
1.14559
0.888568
0.846186
1.05121
1.00042
0.965113
0.913071
1.07781
1.16065
1.06179
0.948707
1.11586
0.80971
1.29464
1.00143
1.18099
0.920781
0.846155
1.32061
0.919779
1.07103
0.885476
0.859391
0.918964
0.885582
0.999184
0.891714
1.16956
0.954335
0.827024
1.07046
1.03249
1.0427
0.968969
1.0848
1.161
0.927098
0.967876
1.0861
1.02168
0.990095
0.97457
0.990949
0.71305
1.08598
0.958425
0.869219
1.26248
1.19663
1.01434
0.839553
1.01269
0.8059
1.03932
0.924293
0.990803
0.789287
1.12757
0.894096
0.984925
1.00996
0.798569
0.912704
0.93077
1.18959
1.14212
1.20791
0.84513
0.912578
0.908621
0.956503
0.969725
1.05914
0.7713
1.12183
1.14765
1.03821
1.26386
1.0172
1.00166
0.885336
1.00676
0.783811
0.755843
1.09671
0.923019
1.18261
1.07567
0.929058
0.861179
0.896283
1.1378
0.912322
1.01688
0.875911
0.822036
1.12791
0.953469
1.0531
0.898271
1.16783
0.992532
0.982499
1.02477
1.35807
1.12635
0.766235
0.970078
1.02792
1.07784
0.949304
0.998522
1.0267
0.905764
0.810872
1.2224
0.824293
1.16157
0.924519
1.11938
1.09828
0.823632
1.07847
1.01087
1.26515
1.10769
0.989092
0.932719
0.829824
1.03587
0.913629
1.00121
1.14762
0.950608
0.73507
0.882438
0.949007
1.08325
0.955208
1.00674
0.994192
1.01282
0.953367
0.868679
1.07383
0.821298
1.04575
1.12531
1.08938
0.956678
1.04008
1.0821
1.13769
1.21052
1.03153
1.05656
0.830666
1.01833
1.04759
1.14951
0.807771
0.917907
1.00181
0.966537
0.909229
0.92908
1.01807
1.01728
0.853849
1.06478
1.17913
1.15966
1.19973
1.13817
0.984707
1.20042
0.764289
0.775914
0.999504
1.00661
1.01135
1.07674
0.957568
0.981439
1.05532
0.990438
0.982032
0.868827
1.15873
0.931775
0.950536
0.998381
0.813996
1.27343
1.05521
0.849541
0.924293
0.887324
1.0475
1.00505
1.09095
1.22661
1.12008
1.13188
1.05349
0.84488
0.975527
1.06877
1.00734
1.14608
1.06643
1.03027
0.898789
0.876624
0.944087
0.993167
0.856541
0.938597
0.987365
1.03557
1.06316
1.19393
0.847127
0.887022
0.93188
0.783108
0.752454
0.96222
0.876214
0.9398
1.04315
0.882301
0.925932
0.903401
1.04896
0.977655
0.914379
0.942695
1.09961
0.83533
0.828449
0.961667
1.07781
0.949635
1.08048
1.02117
1.06988
0.936456
1.0734
0.932812
0.887475
0.839558
0.931955
0.986542
1.19416
0.990233
0.905634
0.992787
1.13477
1.14733
0.918336
1.03286
1.02701
1.17583
0.909047
1.02067
0.908784
0.82477
1.09656
0.844973
1.00273
1.02015
1.02643
0.996087
0.925731
0.950366
1.01128
0.911976
1.20072
0.952499
0.926115
1.18076
0.999592
1.25142
1.07584
0.92688
0.908303
1.07374
1.09571
1.0784
0.977307
0.857414
1.21727
1.1262
1.29294
1.02724
1.05999
1.01059
0.906147
0.839054
0.994729
0.878963
1.13313
1.15327
0.934964
0.961888
1.19104
1.00763
1.0854
1.3372
1.24245
1.08205
1.12559
1.01052
0.810078
1.05897
1.1718
0.999698
0.924977
0.829474
0.964833
0.909694
1.00392
0.94059
1.24733
0.851955
0.844721
0.994188
1.01859
0.782442
0.879765
1.04036
1.01767
0.99926
0.910585
0.671085
1.00527
0.911553
0.956947
0.87923
0.916361
1.06592
0.959827
0.894485
0.811398
1.09795
0.961407
0.934504
0.846582
1.08105
0.883161
1.16089
0.874961
1.15635
1.14732
1.08174
1.03787
0.997265
0.971426
0.816003
1.12734
0.798734
0.794351
1.12148
1.01002
0.997439
0.751315
0.993282
1.02311
1.12623
1.17884
1.1185
0.895604
1.01145
1.07346
1.00767
0.948867
0.964865
1.03548
0.889463
0.86585
1.01591
0.869195
1.21557
1.07549
0.915359
1.0403
0.895046
0.893381
1.23986
0.989315
0.74899
1.00999
0.982013
1.02023
0.854377
0.940608
1.09635
1.25305
1.02162
0.838477
1.05175
1.19426
0.991238
0.873507
1.21201
1.09289
1.01863
1.24652
0.904311
0.862188
1.15095
0.994262
0.976016
0.803418
1.01657
0.89098
1.11695
0.723618
0.967666
1.15567
0.935228
1.036
1.01612
1.05087
1.1497
0.995149
0.825605
1.07349
1.13211
1.12628
1.05527
1.10683
1.11372
1.09696
0.799945
1.05842
1.0952
0.978917
0.848422
0.973226
0.935102
1.18315
0.967058
0.75803
0.913581
1.17831
1.00293
1.08238
0.939555
1.26374
0.893403
1.11164
1.05503
1.09713
1.19183
0.961629
1.30449
0.928429
0.926545
1.04084
0.963538
0.934064
0.967594
1.04171
1.00487
0.973691
0.997691
0.808228
1.04559
1.02394
1.11698
0.908434
1.08222
1.00672
0.882634
0.936277
1.11023
0.901349
1.13908
0.988556
0.897887
0.913525
1.17566
0.883631
1.05466
1.21936
1.03647
0.831813
1.08459
1.14128
0.959433
1.19902
0.943173
0.909857
0.967931
1.12748
1.00343
1.08899
1.03645
1.13241
0.892507
1.01246
0.998417
1.06399
1.02569
1.27128
0.898749
0.911968
0.99418
1.03236
0.977721
0.8377
1.05424
1.09381
0.8687
0.83087
0.937439
1.06545
0.712396
0.907827
1.02733
1.15314
0.96554
0.681815
0.848783
0.975218
0.911139
1.10027
1.23069
1.04352
1.15627
0.879489
1.02701
1.08616
1.48094
1.08418
0.992728
0.948626
0.941136
1.08116
1.08341
1.01457
0.823014
1.10656
0.856699
0.924807
0.943513
0.991286
1.13397
0.918962
0.724771
0.971325
1.06984
1.05512
1.23586
0.90797
0.891634
1.09183
1.16615
1.21944
1.02102
1.15417
0.862479
1.06295
1.05117
1.12425
0.911664
0.81443
1.02957
0.863508
0.992447
1.03154
0.804942
1.18028
1.06724
1.20724
0.783738
1.09974
0.912078
1.09389
1.08003
1.05558
1.04287
0.806106
0.720242
0.934277
1.04511
0.804495
0.908645
1.20331
1.16516
1.23671
0.914694
0.905258
0.893783
0.891363
0.89005
0.794518
0.885681
1.3276
0.966954
1.22067
1.12905
1.0783
1.07105
1.24196
1.00568
1.12107
0.924003
1.0513
0.916219
1.0631
0.919123
1.09101
1.17331
1.00122
0.958664
1.02345
0.964603
0.940253
1.07833
1.06692
1.13276
0.936308
0.872535
1.00923
1.02244
1.04523
0.97582
1.08675
0.974195
1.00392
0.922696
0.967254
0.846881
1.08258
0.978253
0.813503
0.992355
1.1899
1.02645
1.01603
0.791553
0.727535
0.991128
0.87221
1.05522
0.925022
1.0178
1.17918
1.04096
1.02061
0.987939
0.976728
1.10322
1.11218
0.932654
0.989772
1.06879
0.884273
1.14121
0.920447
1.13352
0.912018
0.801973
1.06212
1.09055
1.22294
1.28384
0.74615
0.95594
0.901223
0.852771
0.90082
1.13189
1.27852
0.927078
1.15056
1.11372
0.98904
0.851877
1.03823
1.31441
1.37081
1.01885
0.982585
0.845496
1.02894
1.0466
1.08154
0.926312
1.00505
1.02856
1.12928
1.09285
0.942781
1.10329
1.09587
1.26438
1.08134
1.02657
0.752781
1.08384
1.08899
1.25521
0.782525
0.890363
1.02863
1.08447
1.17271
1.03054
1.00293
1.05751
0.985928
0.977783
1.31977
1.13503
0.987594
1.12373
0.931178
0.893981
1.15178
0.934925
1.01067
1.01123
1.0939
0.955362
1.12842
0.865831
1.1205
0.970252
0.936449
1.03569
0.843427
1.10667
0.885732
1.04544
0.890341
0.930729
0.906927
0.951991
0.966382
0.865974
0.909089
1.18176
0.961713
0.850669
0.976271
1.12138
0.927986
0.621616
0.914672
0.899702
1.21522
1.15981
1.01517
0.878577
0.969168
1.22935
1.09814
1.04837
0.905331
0.861587
1.14455
1.00185
0.958668
0.955278
0.96398
1.18581
0.937187
1.05445
1.03471
1.02994
1.08773
0.62609
1.01941
1.01654
1.00669
1.09412
1.01524
0.841548
1.01193
1.12631
0.748747
0.81553
0.953105
0.984023
0.956783
1.0534
1.03383
1.02919
0.790412
0.985365
0.941933
1.04493
1.1791
0.870023
1.11226
0.941963
0.882037
0.949581
1.06446
0.884537
0.932193
1.04393
1.08207
0.879587
1.06399
0.92461
1.09406
1.07943
0.958588
0.975038
0.954882
1.11628
1.12696
0.974285
1.1789
0.992444
0.989206
0.753476
0.929598
0.954971
0.795482
0.830765
1.09202
0.934481
1.00895
0.954653
1.20185
0.917476
0.956557
1.00599
1.0789
1.10505
1.08221
0.982862
0.987146
1.00209
0.978477
0.890639
0.883199
1.22171
1.0916
0.825114
0.833706
0.911305
0.946437
0.949013
1.06197
1.02934
1.1435
1.06049
0.859526
0.915467
0.759008
0.979349
1.15385
0.941527
1.03824
0.833652
1.10691
1.03108
0.868381
0.99013
0.934601
0.703573
1.04658
1.05237
1.10591
1.17445
1.27404
0.892781
1.0451
0.9725
1.04
1.04894
1.04197
1.03727
0.824273
0.932149
0.604363
0.96123
1.04947
0.994724
1.12543
1.1293
0.887194
0.951227
1.18456
1.22848
1.26215
1.06613
1.00421
1.22368
1.03214
1.01033
0.893997
1.07153
1.0907
0.907306
0.936687
1.0047
1.17976
1.21932
0.949216
0.757488
0.859052
1.18652
1.18284
1.21504
1.0746
0.815859
0.968411
0.873209
0.862364
0.920471
1.06406
0.956494
1.00262
1.16542
0.983892
0.980115
1.17996
1.12464
0.963345
0.919246
1.13076
0.986552
1.06508
1.14205
1.09384
0.801883
0.761169
0.978749
1.12438
0.945586
0.907076
1.07313
0.925288
1.09262
1.04666
1.03953
1.17814
0.964966
0.824258
0.95043
1.04204
0.87828
0.926626
1.00927
0.916441
0.959874
0.847736
1.01788
0.836803
1.05853
0.88844
1.01303
0.830526
0.994044
1.11442
0.94259
0.752642
1.13727
1.0142
0.883083
1.08326
0.892742
1.05251
0.956352
0.933967
1.07712
0.873375
0.879649
0.871247
0.812413
0.9168
1.244
1.10094
1.11923
1.0955
1.08506
1.16044
1.04208
0.821205
1.02159
1.05469
1.01213
0.766717
0.955793
1.05213
0.929344
1.1081
1.03694
1.00047
1.05822
0.895845
0.966422
0.895774
0.934315
0.98462
1.29234
0.962799
0.980083
1.13951
0.841455
1.05572
1.03556
1.03972
0.973109
0.793128
1.08895
0.868294
0.973045
0.960663
0.971418
1.10317
1.10871
1.03051
1.07828
0.905047
0.835599
1.19558
0.993898
0.936832
1.14856
1.02959
1.01004
0.915992
0.895457
1.03027
1.14561
1.05428
0.893371
1.00055
0.764628
0.816741
0.882527
1.06763
0.91119
0.947153
0.979288
0.869564
0.807542
1.01524
0.95391
0.912981
0.784464
0.950625
0.845705
1.13611
0.929942
0.920471
1.36279
1.07332
0.885645
1.12188
0.947155
0.995918
0.723506
1.05068
1.03111
0.985125
1.03291
0.995163
0.875071
1.0652
1.14397
0.745975
1.14908
1.1085
1.16839
0.983483
1.05995
0.762472
0.947252
0.982053
0.934861
0.959788
0.915598
1.14062
0.920483
1.06125
0.909325
0.865431
0.864367
0.852436
0.895373
0.946307
1.02384
1.04375
0.966068
0.885938
0.945087
1.08268
1.07973
0.904564
1.06529
1.08851
1.0412
0.929283
0.877918
1.0398
0.902334
0.929202
0.905521
0.907374
0.839341
1.00857
0.86699
1.07945
1.10879
0.887168
1.11227
0.956014
0.869596
1.0775
1.14247
1.06274
0.884626
0.902406
1.05571
0.823398
0.997488
1.01272
0.971812
0.931567
0.925413
0.926527
1.07245
1.139
1.24699
1.10214
0.999861
1.00724
1.11289
1.00533
0.959662
1.00005
0.982137
1.03402
0.988152
0.934497
0.991735
0.994187
1.03279
0.911531
0.95925
0.856467
0.88143
1.05138
1.16038
1.1313
0.799945
1.16833
1.06866
1.01994
1.12938
0.872098
0.874302
0.875511
1.02061
0.84976
1.06409
0.833386
1.16668
1.13462
0.982393
0.994679
1.07132
0.822231
0.87317
1.04605
0.987684
1.01401
0.964733
1.09191
0.835528
1.05739
0.893286
0.977371
1.01402
0.912233
1.24561
0.765703
0.976194
0.924583
0.839889
0.837156
0.875152
0.966755
0.919632
1.03082
0.921462
1.00353
0.919482
1.0032
1.25314
1.01668
0.89074
1.09735
0.827082
1.12497
1.15698
1.02397
0.858591
1.14037
1.14816
0.986098
0.946897
1.0133
0.929062
0.997852
1.14181
0.859446
0.890166
1.02884
0.790383
1.13224
0.930896
0.905625
0.816131
0.848203
1.11727
1.21257
0.875442
0.955444
0.99717
0.980621
1.11389
1.1542
0.992411
0.98114
0.858917
1.10484
0.955529
0.979136
1.14206
0.998046
0.843357
0.873503
1.01993
0.917801
1.28295
0.895767
0.814363
1.04024
0.947474
0.95721
0.92172
1.11427
1.05693
0.937313
1.16109
1.2231
0.873379
1.13892
1.09108
1.02366
1.03632
0.89855
1.1089
0.918815
1.24859
0.851078
0.961572
1.05137
0.91922
1.00603
1.00579
0.871398
1.1061
0.864848
0.996226
0.892291
0.830135
0.908064
1.00124
1.03358
0.841532
0.923498
1.08042
0.812898
1.048
0.959962
0.889427
0.921796
1.04557
0.704028
1.16382
1.01711
0.993205
0.868273
1.22377
0.97658
0.875252
0.861363
0.852572
1.23125
1.02976
1.20833
0.895495
1.06319
1.0268
1.16652
0.998239
0.928366
1.18191
0.766649
1.01343
0.880993
1.00788
0.867741
1.0772
0.938346
1.00592
1.07177
0.940302
0.799502
0.862997
1.0491
0.854633
0.748054
1.05923
1.02532
0.913861
0.755258
0.898586
0.958962
1.14803
1.05237
1.12634
0.726083
0.991721
1.0142
0.883123
1.19065
1.03087
1.12355
1.00397
1.03947
0.930964
1.03329
0.95438
1.00783
0.855766
0.961668
1.00292
1.02829
1.01705
1.05599
1.03029
1.33059
1.10876
0.677993
1.01009
1.07399
1.03841
1.00377
1.03344
0.859325
0.792497
0.847762
1.28628
1.0593
0.884677
0.967493
0.851056
0.983587
1.00059
0.938492
0.871655
0.998284
1.0699
0.850057
0.934232
0.861442
0.794053
0.88106
1.05219
0.632338
1.06148
0.981986
0.994147
0.944037
0.956321
0.986535
1.04068
0.99757
0.96094
0.982063
1.10279
1.14313
1.05021
1.06261
0.935634
1.19792
0.883167
0.757129
0.839648
0.992618
0.979183
1.06469
0.996677
0.968605
1.13968
1.08247
0.915275
0.925716
1.14855
0.828987
0.765375
1.04157
1.01022
0.939132
0.890227
0.944113
1.13865
0.724613
1.01185
1.06471
0.883948
0.896589
1.05266
0.885633
1.07187
0.978085
0.700332
0.95063
0.970846
0.944875
1.11575
0.847182
1.2009
0.928344
0.990947
0.85426
0.922103
0.901308
1.03708
1.06066
1.02009
0.876267
1.03336
0.997882
0.91571
1.10958
0.976443
0.911048
1.19571
0.90599
1.14313
0.898988
0.986365
1.20684
0.899331
0.876428
1.07238
0.952292
1.02836
1.13333
0.88282
1.06898
0.852528
1.2388
1.02077
1.12562
1.06164
1.1325
0.921401
0.965247
1.00163
1.16269
1.02172
0.885215
1.36679
1.11707
1.13625
1.12288
0.996302
0.971631
1.0539
1.1417
1.10996
1.23081
0.953276
1.09985
0.942902
1.09294
1.1868
1.03524
0.918025
1.26961
0.949847
1.0842
0.854978
1.08626
1.04717
1.06917
1.29953
1.13474
1.03949
0.967176
0.81222
1.02116
0.958647
1.06761
1.05099
1.15573
1.07862
0.958147
1.09096
0.834308
0.960277
0.802137
0.892987
0.978742
0.874601
1.08608
1.03454
1.14019
1.16163
0.976993
0.862886
1.23113
1.18196
0.872334
0.923986
0.983269
0.951904
0.972527
1.16125
0.971028
0.952609
0.883392
1.1347
1.12265
0.929925
0.955425
0.972387
1.07158
1.09393
0.917297
1.1454
0.951212
1.36496
0.996567
1.05892
1.1526
1.11803
0.864997
1.12791
1.05184
0.970395
0.895516
0.912614
0.942792
0.945771
0.765338
1.10615
0.925495
1.17303
1.1483
0.833317
1.2664
0.888435
0.926623
1.07841
0.989404
0.828004
1.17289
1.05886
0.875155
0.899198
0.901797
0.78992
0.960857
0.954018
0.960537
0.705857
0.827133
0.916726
1.13521
1.17492
0.780707
0.851078
1.05422
0.797483
1.06119
0.936355
0.963843
1.18608
1.08737
1.02117
0.844944
0.986928
0.971362
0.8371
1.01671
1.01434
1.1971
1.34077
0.840417
0.726437
1.08854
0.953659
1.02712
0.924832
1.01511
1.0136
0.962006
0.899109
1.02622
1.15064
0.816508
0.978447
1.02516
1.06473
1.13111
0.959735
0.962165
0.999892
0.964247
0.982181
1.10572
0.926703
0.922922
0.836699
1.10133
0.912238
1.24806
0.926443
0.891126
0.99318
1.01898
1.07923
1.04234
1.06827
0.990988
0.996723
0.892928
1.11962
1.10221
0.88932
0.968576
1.06472
0.976187
1.0601
0.873972
1.09379
0.990561
1.23815
1.01436
1.12329
0.787052
1.01118
0.880004
1.03403
0.939776
0.953145
1.02411
0.883844
1.01525
0.954636
0.951702
0.905583
1.08099
0.860757
0.991503
0.903724
1.25615
1.12304
0.984683
0.907884
0.867142
0.724645
1.13746
0.816829
1.19451
0.962565
1.07325
1.00838
1.09244
1.08382
1.08069
1.02941
1.11238
1.31853
0.959792
1.0088
0.879298
0.821746
0.951777
1.22301
0.968653
1.10787
0.89551
1.00479
1.0485
0.987868
1.11439
1.18692
0.904956
1.18478
0.869187
1.04385
1.06242
1.10183
1.00882
0.833409
0.785998
1.04831
0.952101
1.02811
1.18879
0.901523
1.06549
0.970353
1.02677
1.2603
1.06003
0.941045
0.851211
1.13488
0.99586
0.806935
0.94959
1.03281
1.01143
0.835277
1.04114
0.940369
1.00535
0.878646
1.06405
1.03126
0.946316
0.889277
0.9237
0.987623
1.11487
1.09295
0.651168
1.05876
0.828457
0.990355
0.730595
0.971395
1.06853
0.988289
1.17503
0.872153
0.720817
1.13394
0.903747
0.884367
0.948923
1.00333
0.946401
0.994033
1.18793
0.971429
0.907836
1.06001
0.881711
1.00962
1.09612
1.06465
1.04781
1.03859
1.01752
1.00936
0.984032
0.966021
1.0322
0.903416
1.05236
1.25465
0.787633
1.08718
1.1098
1.12518
0.955358
0.998067
0.94173
0.926352
0.995369
0.859573
0.929921
1.15859
1.03818
1.05912
0.892847
0.807768
1.09331
1.11461
0.79104
0.904508
1.14251
0.906981
1.04049
0.956827
1.11815
0.66658
0.993514
0.975489
0.876697
0.966271
0.954252
0.992661
1.01178
1.03795
0.875932
1.10629
1.14986
1.10487
0.826787
0.932347
0.834533
1.08979
0.961148
1.08441
1.09172
1.14657
0.917316
0.813451
0.794702
1.24338
1.03836
1.2407
1.04772
1.0682
1.12386
0.881354
0.996977
0.821103
0.983966
0.99565
0.970272
0.898513
1.10429
1.16869
1.14399
1.13253
1.17256
1.13292
0.756567
0.938317
0.900122
0.907138
0.779713
0.719484
0.9732
1.07992
1.0918
1.00112
1.02109
1.07069
1.08609
0.907746
1.10362
0.825665
0.914595
1.20624
1.20992
0.992831
1.05307
0.911962
0.855306
1.09778
0.953722
1.12374
1.02861
0.860438
1.02794
1.00159
1.00182
1.05482
1.0681
1.14691
0.950349
1.07704
0.967093
0.93915
1.11962
0.749638
0.991806
0.850586
1.10747
0.867217
1.09009
0.884466
0.850946
1.00102
0.810261
0.870416
0.968381
0.91944
0.666877
1.16133
0.957356
1.13294
0.949289
0.924124
0.937765
0.867428
1.11421
0.979956
1.09902
0.999907
1.08246
0.876656
1.01313
1.11636
0.95732
0.841033
0.974217
0.878833
1.08167
0.951133
1.09473
1.05518
0.973017
0.99818
1.09875
1.04571
1.01023
1.02947
1.25176
0.959983
1.05266
0.97652
0.773528
1.04465
1.00881
1.15444
1.00531
1.07539
1.10394
0.900653
0.940778
0.876929
1.17612
1.19367
0.953933
1.07205
0.80277
1.08499
1.13851
1.03296
0.855434
0.894577
0.789192
1.10404
0.868744
0.897197
0.915987
0.860869
1.14771
0.919181
0.970444
1.097
1.12631
0.995158
0.97412
1.09195
1.03607
0.981229
1.03834
1.03449
1.02407
0.974451
1.09373
0.711923
1.12905
0.978556
1.21483
0.91122
0.754063
1.0053
1.02031
1.09886
0.764832
0.918313
0.805582
0.953123
1.00678
1.25581
1.11491
1.07558
0.780267
0.986506
1.04446
0.924281
1.00841
0.882352
0.890692
0.964059
1.00249
0.900088
0.930487
1.01923
0.732722
0.997219
1.00512
0.898846
1.13045
0.969636
0.895835
1.27943
0.978401
1.11711
1.0862
0.932886
0.992987
1.10062
0.977976
0.770977
0.985237
0.807317
1.20758
0.951175
1.10678
1.06703
1.09842
0.822499
1.00008
1.04128
0.853523
0.969509
0.87934
0.823128
0.907703
0.979396
1.17128
1.04244
1.15835
0.853162
0.902874
0.839359
0.785712
0.962587
1.01419
0.952002
0.93442
0.912843
0.994623
1.002
1.05709
0.904514
0.778931
1.01036
1.00333
1.20615
1.01147
0.843602
0.900688
1.14686
1.07735
0.951668
0.93985
0.98913
0.808871
0.930202
0.932608
0.972988
0.873128
0.970172
1.08615
1.12216
0.988369
0.975686
1.01161
1.04252
1.06382
1.13361
0.900888
1.19921
0.778824
0.929718
1.09638
1.07188
1.1168
0.910814
1.20455
0.988264
0.912826
0.812559
0.876357
0.89575
1.07057
1.09333
0.987671
0.997656
0.984928
0.845181
0.995395
1.01176
1.2272
0.831275
0.854952
0.989488
1.1065
1.05255
1.10462
0.837037
0.931186
0.781195
1.01118
1.06629
0.996632
1.06369
0.786019
0.972288
0.949401
0.829039
0.891908
1.07632
0.935053
0.975493
0.922458
0.732073
0.878046
0.969665
0.699677
1.08397
1.00628
1.04956
0.951751
0.951839
1.26219
0.886348
0.995395
0.992781
0.881643
0.993177
1.0221
0.993179
0.952109
1.1853
0.935453
0.957395
1.01141
1.02665
1.10608
1.08137
1.11221
0.981133
1.09919
0.826853
0.809067
0.824153
0.898788
0.988313
0.92241
1.05598
1.08197
0.931755
1.05131
1.06842
1.00751
0.844973
0.877684
1.07942
1.09962
0.993625
0.929307
0.947478
1.12559
1.1349
1.02311
0.948945
1.00955
1.00347
1.10456
0.946522
0.816648
0.867793
0.916113
0.903856
0.994561
0.85695
0.891408
1.01075
1.18425
1.04984
1.11108
0.967501
1.09508
0.831277
1.05609
1.0214
1.29399
1.12602
0.864436
0.904292
0.986869
0.993287
1.13398
1.1381
0.841438
0.807803
0.99795
0.954882
1.17628
1.01548
1.04917
0.755555
1.12859
1.20474
1.0973
1.08218
1.18778
1.01549
1.0761
1.18247
1.03542
1.05026
1.01384
1.00211
0.949029
1.01822
0.893101
0.966822
1.07236
0.820034
0.941284
0.921089
0.867743
1.10959
1.04077
0.876861
1.17248
0.918396
0.812344
1.06712
1.22459
1.07867
1.05891
0.938312
0.951741
1.09142
1.05547
0.936117
1.10059
1.22787
1.0692
1.10817
1.13537
0.860585
0.878574
0.877452
0.940182
1.07492
0.870701
1.03445
0.988738
0.930461
0.927817
1.06102
0.986208
0.874999
1.0182
0.959398
1.04443
0.780756
0.99664
1.09408
0.889864
0.905844
0.987612
1.08845
0.730735
0.907508
0.844334
1.15556
1.06129
0.936806
1.11552
1.09686
0.986936
0.956564
1.08624
1.03041
0.974563
0.818192
0.916186
0.916079
1.09779
1.08396
0.846312
0.942791
0.951702
0.914712
1.04704
1.12681
0.98828
1.13135
1.05385
1.01673
0.820879
0.913671
0.949941
1.11491
0.860204
0.919332
1.09772
0.914394
1.20623
0.887111
0.827747
0.958981
1.11656
1.02528
0.891771
1.05009
1.08999
0.902506
1.19052
1.11419
0.953243
0.945843
0.859987
1.12071
0.995643
1.1162
0.884993
0.859492
0.954018
1.0678
1.04068
1.14838
1.01606
0.765957
0.989902
0.942763
0.982726
0.940796
1.13697
1.05519
1.095
1.05232
1.23935
0.96034
0.895722
1.06762
1.00053
0.962407
0.960312
0.865879
0.986217
1.0363
0.931135
0.844559
0.972837
0.996722
1.07666
1.10416
0.972043
1.09472
0.912774
0.953171
0.917148
0.881522
1.07113
0.953893
0.831103
1.00549
1.20196
0.736542
1.05308
0.818058
0.933709
0.912443
0.976562
0.895264
0.953401
1.08531
1.00087
0.950299
1.26292
0.858944
0.895263
1.1886
0.925298
0.966947
0.943686
0.814907
1.02444
0.903006
1.06598
1.10607
0.825423
1.16442
1.06374
0.950619
0.947869
1.11684
1.06757
0.890894
1.00217
0.636741
1.13309
1.00167
0.901524
1.08319
0.866356
1.02249
0.915802
1.00235
1.03463
0.990951
1.07899
1.09063
1.1285
1.10388
1.05763
0.973087
1.16497
0.94975
1.00654
1.1983
1.08111
1.08281
1.02503
1.03147
0.954423
1.1263
0.859834
1.1447
0.837118
1.05191
0.841102
0.750894
0.857125
0.84705
0.889011
1.02993
1.05557
0.87324
1.19385
1.02529
1.06925
0.976704
0.939356
0.853974
1.18486
0.972735
1.02796
0.924572
1.01375
1.10034
1.20903
0.859011
0.752761
0.996598
1.01627
1.00707
1.00335
1.11846
1.02412
0.892092
0.951455
0.968739
0.726583
0.739074
0.807488
1.11986
0.931923
0.771088
1.04212
0.837526
1.12369
0.950332
0.917103
1.07751
1.14193
1.16481
1.08682
1.19481
0.937561
1.08091
0.990924
1.02035
0.922773
1.00409
1.21152
1.17007
0.88998
1.11945
0.916705
0.895325
1.0227
0.947122
1.06223
0.835745
1.1143
1.12123
1.00451
1.12648
0.834155
0.851016
0.936913
1.20905
0.997026
1.29563
0.854211
0.960961
1.0001
0.992212
0.950563
0.946987
0.999137
0.805194
1.05077
1.03536
0.892961
1.2346
1.13966
0.926771
0.882289
0.892275
0.955692
0.947602
0.973457
1.09275
1.09829
0.975593
1.0173
1.0847
1.12129
0.854746
1.04245
0.914049
1.02614
0.979752
1.21473
1.317
1.05381
0.944893
0.87525
1.10404
1.03275
1.17234
0.910329
1.08302
0.981598
0.904258
1.11431
0.909843
0.845183
1.2081
1.12587
0.946817
1.12837
0.845646
0.914692
1.03338
1.20448
0.805829
1.15586
1.04973
1.11508
0.780362
0.958173
0.78939
0.811125
1.08086
0.959312
1.06427
1.01504
0.948506
0.9239
0.873198
0.913477
1.07761
0.984589
1.02207
1.1365
1.02913
1.14234
1.04272
1.08693
1.07791
0.943973
1.0899
1.00171
0.904796
1.09162
1.13545
0.923296
0.953832
1.04442
1.01101
1.05132
0.980422
0.858162
1.16922
1.08318
1.05197
0.866943
1.08403
0.96643
0.878797
0.969197
0.98298
0.966759
0.914103
0.971301
1.03951
1.1188
0.884347
1.04622
1.06236
1.06816
0.984834
0.968245
0.98459
0.944438
0.838999
0.995072
0.973168
0.937514
1.18609
0.923628
0.976176
1.07269
0.815527
0.903838
1.04018
0.9766
1.04876
0.955254
0.98828
1.07795
1.064
1.10408
1.13414
1.01656
1.02061
0.998456
1.23154
0.919507
0.952655
0.862548
0.932831
0.824074
1.01151
0.887147
0.734629
0.693689
0.88193
1.0545
0.891902
0.879957
0.992986
1.14963
1.13921
0.857772
1.04803
1.14369
0.97016
0.928677
0.97927
1.06499
0.857831
1.07015
0.867921
0.831842
0.901031
1.10238
1.18866
0.966241
1.14031
0.988185
1.08645
0.897247
0.848661
0.960182
1.05134
1.11133
0.602386
1.02896
1.15568
1.15972
1.08478
0.994269
1.05125
1.02558
1.13873
1.00548
0.878048
1.10835
0.90201
0.892135
0.845083
0.858096
1.11411
1.12224
1.17206
1.14188
1.02007
1.11998
1.12643
0.929674
1.17141
1.11168
1.31397
1.14654
0.938017
0.92322
1.14843
0.865778
0.878277
1.13962
1.10291
1.00721
1.10212
0.987722
1.04222
0.994465
1.00766
1.1964
0.925063
1.03304
1.02158
1.09241
1.25933
1.03144
1.00698
1.00841
1.09644
1.10182
0.98347
1.12459
0.875822
1.07149
1.01333
0.846107
1.08629
0.855765
0.936462
1.01629
1.16422
1.19087
0.845928
1.1301
1.03087
0.890762
0.923908
1.12054
0.909378
1.27979
1.09426
1.01564
1.22445
1.25803
1.09743
0.755771
1.25637
1.17848
1.12871
0.997918
1.17818
1.07258
0.913431
1.01734
0.864632
1.19355
0.843938
1.0256
0.857338
1.15507
1.13123
1.14235
1.10916
1.09859
1.04015
0.848713
0.830852
0.892216
1.07272
0.929362
0.882293
1.19859
0.924716
1.04018
0.957851
1.02945
1.04285
0.962524
0.957032
0.995643
0.957034
0.968548
1.0245
1.08703
1.19534
1.01924
1.09239
0.839744
1.00735
1.02197
0.998538
0.964903
1.11878
1.04483
0.968677
1.11342
0.938233
0.970819
0.804298
0.900362
1.15145
1.02368
1.03197
0.947463
1.00075
1.04591
1.03306
0.842834
0.881868
1.10517
0.84964
0.949535
0.944723
1.28623
1.01308
0.81906
1.02066
1.17975
1.11371
0.910018
1.04718
0.906736
1.02216
0.927363
0.864118
1.13733
0.972007
0.996431
0.993932
1.01372
1.11965
1.23856
0.993552
0.916488
1.14695
0.956332
0.841403
0.851984
1.11368
0.785731
0.942757
1.16352
0.994816
0.964067
1.11508
1.00094
0.99593
1.07101
1.00273
0.94047
0.951657
0.805435
1.08305
0.879787
0.950449
0.851738
1.13488
0.803021
1.0516
1.01774
1.04774
1.06685
1.01933
1.08163
1.04924
0.888187
0.926659
0.904447
1.05911
0.668204
1.00287
0.793157
0.871842
0.841163
0.986978
1.05371
1.10136
0.975087
0.966678
0.886396
0.946776
0.924353
1.04782
1.0395
0.967375
0.9752
1.0374
0.980181
1.10857
0.887531
1.09007
1.0152
1.18213
0.927758
0.972293
1.0189
0.906207
1.06995
1.07889
1.00884
0.667057
1.02449
1.18319
0.914109
0.868623
0.602234
0.843294
0.862051
0.960323
0.864417
1.1325
0.978263
1.04628
0.775952
1.10338
1.32011
0.94283
1.0483
0.927782
0.99499
0.822709
0.894866
1.08543
1.09108
0.963738
1.07317
1.14475
1.16918
1.09916
1.16127
1.03289
0.952978
0.891811
0.974528
1.07355
1.00085
0.999989
0.624377
1.03491
1.05395
1.01064
0.829557
0.840593
0.901698
0.959924
0.932883
1.00629
0.847384
0.916347
0.890638
0.853232
1.05173
1.04442
0.965787
0.960356
0.996319
1.2567
1.07092
0.993669
0.950375
1.16382
1.13179
0.955749
0.914806
0.977954
0.90236
0.962316
0.975462
1.21286
0.888359
1.17653
1.01048
0.913225
0.863889
0.915228
1.11636
0.799644
0.887607
0.896781
0.92377
1.06498
1.09405
1.04201
0.991408
0.943332
0.982025
0.958562
0.904368
1.19242
0.881243
0.998222
1.02321
1.02126
1.03029
0.855172
1.0338
0.911336
1.04064
0.950851
1.06477
1.14571
1.16839
0.971258
0.882442
1.01871
0.944126
0.911942
0.930092
1.01378
1.15804
1.0939
0.785202
1.07473
1.02875
0.943446
0.982267
1.01891
0.974423
0.888752
0.857854
0.823399
0.908364
0.934272
1.16085
0.969829
0.864198
0.884955
1.11608
1.05575
1.15661
0.595433
1.18326
1.04653
1.07668
0.974969
0.963089
1.05875
0.904463
1.11365
1.12024
1.00379
1.16734
1.19834
1.20065
0.935455
0.958269
0.763598
0.94657
0.938377
0.962553
1.02227
0.9393
0.850387
1.02933
1.08507
0.926294
0.901756
1.27162
1.00522
0.986725
0.889798
1.03449
1.02826
1.00689
1.03052
0.9514
1.15151
1.17183
1.07242
1.01775
1.06439
1.05571
0.846043
0.85641
0.763342
0.894191
0.995649
1.1073
1.07006
0.937433
0.971265
0.970024
1.0863
0.878365
1.11002
1.0925
0.963196
1.1237
0.82027
1.0616
0.893847
0.953748
0.929474
1.08664
1.25452
1.0805
1.00922
1.04102
0.991425
1.1748
1.14572
0.949768
1.01824
0.978828
1.10898
1.06189
0.939983
1.00498
1.09255
1.11362
1.23213
0.932857
0.847895
1.02084
1.02427
0.826497
0.781673
0.995501
0.935449
0.910367
0.915364
0.905819
1.12606
0.836993
1.05244
0.979534
1.05923
0.804061
0.920075
0.867348
1.12395
0.991367
0.830228
0.948564
1.13717
0.910856
1.06574
1.15693
1.00488
0.974421
1.10398
1.08065
0.901216
1.1529
1.07566
1.33368
1.04429
0.996017
0.981595
1.20459
1.04183
1.01792
1.03622
1.04121
0.911781
1.03833
0.986603
0.939958
0.980922
0.962833
0.902997
0.871937
1.10753
1.04497
0.950533
0.874742
0.886949
1.15817
1.11481
0.879657
0.827948
0.90823
1.1894
0.990533
1.16545
1.00931
1.00584
1.04352
1.08566
1.00983
0.959483
0.873788
1.08698
1.08288
0.94191
0.781936
0.902656
1.10961
1.18102
0.919635
1.03202
0.949734
0.823956
1.14218
1.00002
0.961885
1.07994
0.775417
0.897338
1.05121
1.02645
0.812198
1.04955
1.01935
1.16784
1.08852
0.804926
1.21597
1.15444
0.820109
0.899349
1.02559
0.928399
1.14135
1.01802
1.03651
0.894378
0.944771
1.02912
1.07697
1.15797
1.17435
1.04641
1.04139
0.921409
0.802122
1.12735
1.16242
1.16718
0.949025
1.09634
1.02462
0.855167
1.02949
0.907338
1.11508
1.14812
0.902941
0.862069
0.999428
1.08075
1.04906
0.739725
1.01955
0.759255
0.897731
0.906732
0.901684
1.1284
0.937171
1.05023
1.06482
1.35148
1.11397
1.11049
0.74556
0.854278
1.02183
1.1839
0.951138
1.02964
0.89899
0.847492
1.27998
1.14605
0.961314
1.14089
1.03144
1.10353
1.0004
0.769543
0.969351
0.988346
0.988536
1.1124
0.759015
1.0589
0.860296
0.782773
0.984279
0.916459
1.13092
1.11115
1.09901
0.973517
0.945432
0.917113
1.18555
1.1288
0.967245
1.03053
1.00298
1.00874
1.18406
0.609086
0.879818
1.1787
0.97509
0.963004
1.00414
1.09982
0.974786
0.885408
0.863031
0.789926
0.945798
0.991986
1.07596
0.908395
1.12433
0.872532
0.970014
0.934737
0.873142
1.06282
0.936122
0.971743
1.04818
1.06055
0.973824
1.04005
0.915969
0.988539
0.993142
1.01012
1.0997
1.10281
1.13228
1.32147
0.895198
1.05413
1.10447
0.98984
1.00158
1.04141
0.720894
1.08416
1.00715
0.994473
0.968063
0.957748
0.98621
0.956576
1.2726
1.18612
0.971944
0.717089
1.04686
0.921777
0.989622
1.06268
0.999843
0.756182
0.987372
1.00006
0.90315
1.18587
1.19948
1.07258
1.17566
1.02304
0.826116
0.931706
1.10813
0.744011
1.12765
0.86641
1.22224
1.08623
1.00751
1.12716
0.689465
0.808302
1.01317
1.02206
0.829234
1.01385
1.11933
1.19282
1.18147
0.94746
0.937393
0.989369
1.10615
1.15523
0.908504
0.764023
1.03357
0.878388
1.05314
1.19978
0.877874
1.05465
0.990203
1.16019
1.17254
1.19608
1.03079
1.07478
0.947927
0.833831
1.11438
0.858919
1.06459
1.19236
0.987001
0.824528
0.896005
0.798895
0.916901
0.919072
0.868972
0.780123
1.23354
1.04717
1.00043
1.00498
1.17352
1.14271
1.25446
0.959834
1.0087
1.07821
1.02582
0.763293
1.03305
0.967805
1.14126
0.932071
1.14703
0.918058
1.22793
0.888123
0.820598
0.994437
1.06036
1.02783
0.924091
1.0355
1.24413
1.1617
1.0132
1.20756
1.01679
0.829059
0.856326
1.08018
1.16129
1.01408
1.07148
1.09958
0.96804
0.983566
1.01335
1.17276
1.15107
0.84726
1.22347
0.955248
1.14663
0.975028
1.01764
1.12091
0.73183
0.935038
0.937896
1.01603
0.846131
0.892134
0.913902
1.14443
0.801265
0.887288
0.909128
0.932647
1.13671
1.00369
0.965963
1.08249
0.981872
1.05513
0.853729
0.995307
1.01268
0.957732
1.04689
1.02009
0.940224
0.912667
0.840014
1.16019
0.900497
1.004
1.03305
0.858849
0.963091
0.872016
0.977771
0.856793
0.961985
1.25751
1.01905
0.910487
0.954042
1.26423
1.06795
0.96816
1.10916
1.08012
0.996771
0.946965
1.16393
0.780532
1.00242
1.04828
1.247
1.1568
0.98675
0.91483
0.981633
1.11451
1.02409
0.862837
0.90932
1.08911
0.977505
1.11121
0.9196
1.05269
0.955571
1.06118
1.03851
0.836145
1.15285
1.09925
1.01854
1.07291
0.798148
1.28674
0.984103
1.03481
1.00193
0.878943
0.948081
1.03618
0.856937
1.10801
1.09553
0.917078
1.07748
1.00333
1.12183
0.900427
1.01718
1.09546
1.06469
1.03536
1.07804
0.895179
0.872116
0.68777
1.0002
0.77193
0.916807
1.0271
1.02275
1.15505
1.03293
0.931462
1.1258
0.850365
0.974544
0.799175
0.914437
1.03734
0.992163
0.833703
1.20439
1.00193
1.14077
0.962268
1.04165
0.882071
1.00391
1.08352
0.86272
0.992787
1.03544
0.996214
1.0061
1.1858
1.0388
0.903414
1.01991
0.971892
0.891967
1.25277
1.08083
0.984989
0.87063
0.923617
1.29436
0.932607
0.806363
1.26891
1.14792
1.03287
1.04546
0.858858
0.783885
0.830177
0.836481
0.963299
0.980567
1.10942
0.923202
1.01646
1.13821
1.14943
1.06619
0.919478
0.890557
0.753137
1.02586
0.953985
0.855647
1.0755
1.04569
0.792632
0.808278
1.01317
1.05888
1.12361
1.03991
0.992633
0.742381
0.928397
1.03943
0.796877
0.852197
1.10433
0.990773
0.867804
1.07122
1.05709
1.03926
1.24262
0.974916
1.09929
1.04709
0.883075
0.757098
1.01377
1.09423
1.07021
1.06075
0.871582
0.772077
1.06872
0.980402
1.08393
1.01181
1.21567
1.17107
0.895621
1.01866
0.877035
1.19339
0.956083
1.2155
0.898212
0.958432
0.826427
1.1268
1.00488
1.11979
1.0489
0.976199
1.14235
1.13748
0.951764
0.902567
1.05062
1.12287
1.18171
1.15982
1.16171
0.95233
1.00882
0.857877
1.08665
0.894607
1.16765
0.924336
0.77347
0.872996
1.16031
1.03862
1.00302
0.875533
1.00097
1.22614
1.01807
0.965579
0.948822
0.836272
0.897903
0.892488
0.903332
0.920012
1.13857
0.994651
0.946908
0.995488
1.02028
1.04557
1.19689
1.11495
0.84653
0.832112
0.900554
0.930572
0.99333
1.26492
1.077
1.01123
0.941048
1.1185
1.08301
0.983139
1.18407
1.02485
1.10473
0.877825
0.807457
0.985065
0.921691
1.01251
1.03368
0.956577
0.987006
0.921785
0.827485
0.846926
0.987968
0.854712
0.767052
0.872411
0.923837
1.05136
0.866692
0.97047
0.931355
0.746676
0.98144
0.879502
0.969397
1.01628
0.983046
1.01335
0.94535
1.04684
1.1127
1.10717
0.997533
1.05416
0.939389
0.96274
0.901376
1.03186
1.04712
1.16346
0.921841
1.04095
1.14674
0.996702
1.10135
0.985785
1.33167
1.08042
0.737474
0.980451
0.801203
0.988278
1.00137
0.972664
0.838457
0.917015
1.1037
1.0232
1.02183
1.12123
0.907237
1.01002
1.1847
1.07497
1.1963
1.05434
0.919162
0.889454
1.1505
0.909381
0.934602
0.784175
1.03953
0.881833
1.17233
1.0867
1.06579
1.2944
0.922832
0.915935
1.00131
0.942418
0.976721
1.132
0.97936
1.05091
0.884514
0.994287
1.00671
1.00678
1.00371
1.20501
0.887471
1.00704
1.05886
0.934272
1.19044
0.904672
0.843129
1.09411
0.9296
1.22297
1.16353
1.06238
0.845526
1.18262
1.12193
1.1815
1.23335
0.9939
0.931857
1.08104
1.04116
0.938415
1.06193
1.16201
1.05256
0.876684
0.923415
0.921638
1.00158
1.17946
1.02627
1.09272
0.953499
0.971453
0.880352
0.724145
1.05938
1.25337
1.11217
0.89088
1.05031
0.946948
1.07695
1.18933
0.888383
1.06201
1.05224
1.08812
1.06767
1.1278
1.15615
0.978693
0.855489
1.19051
0.971693
0.935035
1.07004
0.910963
1.01998
1.17045
1.24929
0.967057
1.14203
0.888176
0.952656
0.883938
0.913918
1.05985
1.072
1.02523
0.849404
1.01662
0.972673
1.16526
1.0487
0.992159
0.952782
0.905433
0.909033
1.17979
1.01435
0.843017
1.06951
1.12519
0.869907
1.08869
0.978141
0.992696
0.812095
0.988918
1.11749
1.09969
1.17052
0.986282
1.11808
1.17575
1.03476
0.975666
1.07583
0.962873
0.943408
1.18309
0.920957
1.11063
0.987267
1.03142
1.02734
0.920189
1.10792
0.74612
0.990478
0.942225
1.03332
0.753363
0.896678
1.07853
1.23073
0.930559
1.05662
1.19376
1.05653
0.903083
0.900718
1.1464
1.00927
1.02237
1.02343
1.09439
1.01247
1.09529
0.922238
0.926046
0.985009
1.17995
1.25017
1.04873
1.01494
1.00838
1.14654
0.866849
1.11233
1.0792
1.07481
0.992642
0.881195
1.15482
0.833557
0.961239
1.13398
1.01603
1.19232
1.02071
0.799813
0.884547
0.858592
0.971368
1.06363
1.03621
0.968732
1.16273
0.925632
1.05925
0.98499
1.13576
0.928892
1.12707
0.965947
0.913846
1.10715
1.04183
1.07624
0.835506
0.843854
0.906664
1.16015
1.1183
1.12328
1.21466
0.922229
0.847717
0.830198
1.00088
0.911507
1.26399
1.19419
1.01613
1.06915
1.01691
1.05475
0.853558
0.963618
0.968589
1.10714
1.07684
0.918996
0.909307
1.02978
0.809291
0.904612
0.835914
0.751118
1.14616
1.0088
1.00401
1.01867
1.01694
0.859104
0.840654
0.804724
1.0295
1.06873
1.05492
1.13141
1.10518
1.03693
1.03721
0.906681
1.07028
0.944377
1.0676
1.06623
1.11693
1.10581
0.998434
1.07496
1.18111
0.939152
1.16823
1.14317
1.20371
1.10595
1.06565
1.03236
1.20847
1.05247
1.0016
1.10339
0.749671
0.780784
0.99774
0.897729
1.00404
0.942404
0.969311
1.15987
0.836705
0.944551
1.16634
0.884025
0.970151
0.875678
1.0957
0.895139
0.982821
0.947053
0.774846
1.20332
1.01481
1.19953
0.911244
0.978204
1.06542
0.933436
1.00725
1.1706
0.851097
0.883988
0.864197
0.959839
0.966913
1.21847
0.832457
1.09272
0.950973
1.08247
0.94127
1.03644
0.817137
1.02518
0.842069
0.918973
1.17193
0.989387
0.998131
1.00735
0.964587
1.08375
0.883763
1.07687
0.872452
0.956725
1.19261
1.12658
1.03228
0.913398
1.11112
0.831108
0.991505
1.11939
1.1638
1.06377
0.927072
1.25423
1.0889
1.0948
0.967079
1.14906
1.07204
1.01967
1.11987
1.13864
0.983676
1.09156
0.90496
1.06062
0.875212
1.0574
1.27123
0.936659
0.904851
1.17702
0.871393
1.03132
0.915477
0.995515
0.858113
0.991472
0.878246
1.31472
1.08143
0.902391
0.815267
0.929206
1.17881
1.14439
0.937734
0.879584
1.21976
0.984067
1.01894
1.07771
1.00637
0.988272
0.855372
0.841944
0.805267
0.968705
1.08612
1.07293
0.917831
1.09453
0.773062
1.0899
0.962842
1.01916
0.971642
0.938172
0.98826
0.971704
0.868449
0.872472
0.829546
0.904574
1.10025
1.06623
1.04997
0.923547
1.20919
0.944069
1.05216
0.915138
1.16592
0.877173
1.09584
1.01138
0.895986
1.03314
0.923156
0.966932
0.984778
1.03771
1.09385
0.866798
1.02562
0.912078
0.889295
0.942541
1.07536
1.04785
0.819826
0.903178
1.09004
1.07564
1.05962
0.872684
1.07509
0.707716
0.757251
0.714134
1.05903
0.871144
1.02915
1.18664
1.04299
0.853283
1.01863
1.01896
0.842402
1.073
