    1229
    1033
     983
     958
     930
     924
     878
     902
     876
     879
     861
     848
     858
     851
     838
     835
     814
     845
     828
     814
     823
     811
     819
     784
     823
     793
     805
     790
     792
     773
     803
     808
     796
     778
     795
     780
     765
     778
     767
     793
     754
     776
     772
     779
     765
     752
     765
     782
     761
     772
     753
     770
     764
     747
     750
     750
     747
     769
     763
     747
     763
     751
     729
     733
     757
     733
     745
     754
     752
     728
     763
     723
     760
     742
     707
     740
     755
     735
     738
     745
     732
     733
     745
     729
     727
     725
     753
     728
     732
     719
     752
     708
     740
     713
     720
     711
     732
     717
     710
     721
     753
     719
     732
     701
     731
     698
     716
     722
     706
     738
     736
     716
     718
     718
     700
     728
     734
     726
     735
     713
     676
     744
     693
     694
     724
     713
     718
     710
     722
     689
     709
     703
     713
     706
     692
     714
     709
     723
     695
     741
     679
     682
     718
     723
     702
     701
     716
     705
     706
     697
     731
     702
     691
     686
     698
     713
     681
     701
     693
     676
     719
     694
     710
     692
     692
     701
     716
     702
     675
     713
     696
     685
     691
     689
     706
     684
     679
     700
     688
     713
     704
     672
     718
     675
     701
     707
     703
     689
     697
     691
     689
     696
     711
     685
     692
     684
     673
     670
     690
     714
     705
     690
     693
     690
     671
     696
     694
     673
     686
     674
     699
     683
     697
     673
     693
     712
     667
     690
     679
     664
     701
     660
     695
     680
     683
     688
     701
     694
     662
     685
     690
     662
     672
     671
     667
     690
     691
     662
     705
     681
     660
     692
     672
     657
     701
     687
     668
     672
     687
     674
     676
     675
     697
     672
     670
     672
     678
     699
     693
     676
     653
     681
     672
     681
     689
     695
     662
     665
     681
     686
     679
     695
     645
     657
     672
     671
     685
     666
     663
     684
     690
     695
     667
     704
     671
     654
     673
     653
     678
     662
     681
     663
     671
     680
     649
     652
     694
     659
     671
     687
     670
     659
     663
     657
     671
     657
     664
     695
     686
     654
     676
     677
     666
     666
     658
     677
     668
     663
     691
     675
     686
     674
     672
     687
     649
     662
     677
     666
     670
     648
     673
     660
     677
     645
     675
     623
     688
     667
     669
     662
     677
     666
     672
     685
     670
     646
     654
     637
     636
     668
     651
     663
     630
     663
     655
     668
     670
     640
     667
     669
     692
     670
     686
     652
     638
     650
     662
     702
     638
     681
     655
     671
     687
     658
     649
     667
     632
     655
     659
     657
     656
     682
     674
     646
     677
     650
     646
     651
     661
     681
     651
     658
     675
     648
     678
     643
     638
     668
     634
     642
     660
     658
     668
     677
     681
     643
     653
     670
     653
     665
     663
     628
     652
     632
     661
     662
     671
     651
     673
     647
     670
     644
     663
     628
     664
     660
     644
     656
     632
     649
     662
     666
     641
     656
     635
     640
     653
     661
     662
     635
     641
     679
     683
     656
     672
     655
     660
     646
     683
     638
     653
     638
     646
     631
     648
     659
     673
     650
     640
     655
     662
     656
     645
     651
     651
     616
     665
     666
     667
     644
     652
     653
     643
     663
     644
     642
     655
     628
     657
     638
     657
     655
     631
     678
     634
     645
     669
     636
     669
     679
     651
     634
     653
     655
     650
     640
     683
     661
     653
     641
     639
     639
     658
     638
     628
     668
     639
     648
     655
     646
     632
     641
     655
     660
     639
     644
     645
     631
     641
     648
     659
     649
     650
     647
     673
     630
     649
     653
     629
     654
     654
     637
     643
     649
     648
     642
     642
     653
     654
     640
     630
     640
     657
     650
     635
     659
     641
     623
     651
     652
     638
     623
     633
     667
     618
     634
     655
     636
     641
     657
     633
     638
     638
     643
     624
     641
     635
     638
     635
     679
     635
     667
     632
     632
     654
     636
     617
     637
     637
     640
     654
     632
     627
     641
     657
     627
     635
     641
     677
     645
     648
     667
     649
     646
     633
     639
     633
     636
     644
     625
     661
     638
     664
     601
     627
     666
     615
     653
     628
     644
     652
     641
     636
     637
     637
     645
     658
     627
     619
     650
     644
     602
     653
     632
     637
     650
     647
     636
     664
     660
     646
     634
     649
     633
     630
     637
     626
     609
     628
     645
     630
     643
     635
     611
     633
     659
     632
     628
     637
     639
     642
     640
     646
     629
     641
     640
     634
     639
     659
     632
     641
     662
     615
     620
     640
     613
     648
     630
     618
     651
     655
     634
     646
     634
     641
     661
     619
     632
     620
     633
     632
     653
     634
     631
     633
     663
     660
     623
     651
     631
     637
     641
     615
     652
     642
     631
     648
     632
     630
     637
     629
     630
     653
     648
     656
     628
     594
     660
     640
     629
     663
     608
     611
     617
     653
     640
     629
     615
     630
     638
     632
     630
     635
     625
     653
     615
     647
     642
     636
     632
     628
     630
     636
     616
     621
     642
     643
     635
     626
     619
     620
     641
     633
     635
     656
     615
     610
     647
     631
     611
     626
     626
     613
     638
     653
     645
     615
     607
     637
     644
     657
     616
     649
     611
     642
     632
     626
     630
     639
     643
     612
     645
     630
     606
     623
     626
     612
     647
     611
     632
     637
     632
     623
     642
     646
     630
     628
     647
     641
     626
     630
     616
     633
     628
     639
     604
     634
     638
     634
     615
     637
     609
     631
     605
     639
     651
     627
     623
     618
     607
     619
     633
     651
     601
     622
     648
     631
     624
     648
     618
     638
     630
     623
     638
     631
     618
     619
     628
     632
     621
     631
     646
     617
     618
     657
     626
     608
     623
     635
     619
     617
     642
     610
     619
     602
     639
     612
     634
     639
     628
     640
     631
     638
     625
     621
     643
     620
     654
     624
     624
     642
     626
     622
     635
     602
     650
     629
     591
     650
     628
     623
     647
     629
     624
     613
     636
     653
     600
     658
     609
     620
     610
     643
     606
     627
     607
     614
     640
     615
     634
     607
     646
     639
     627
     614
     615
     613
     620
     652
     634
     583
     616
     613
     618
     637
     604
     630
     612
     656
     614
     627
     607
     609
     645
     628
     607
     630
     638
     627
     627
     608
     637
     645
     627
     623
     635
     611
     626
     613
     635
     621
     618
     620
     628
     634
     628
     627
     606
     629
     612
     610
     633
     606
     609
     637
     596
     631
     619
     625
     612
     638
     611
     614
     631
     625
     636
     606
     633
     659
     620
     610
     624
     627
     609
     641
     614
     642
     617
     616
     603
     622
     599
     645
     628
     627
     618
     599
     613
     619
     641
     625
     629
     623
     609
     604
     617
     620
     610
     619
     624
     610
     614
     616
     631
     604
     618
     622
     608
     597
     614
